7456 0
7220 0
8068 0
7409 0
9629 0
7233 0
7358 0
1882 0
8159 0
7547 0
7332 1
2052 1
7632 1
4672 1
5100 1
9004 1
7344 1
4812 1
1848 1
4848 1
1756 1
48 1
4700 1
4988 1
7581 1
9081 1
7521 1
8485 1
5033 1
4633 1
7661 1
4921 1
4621 1
7549 1
4745 1
4797 1
7441 1
4986 1
1730 1
4810 1
7482 1
7470 1
5094 1
814 1
4806 1
4698 1
7594 1
7182 1
7646 1
4982 1
4915 1
4903 1
1243 1
4791 1
219 1
7575 1
9527 1
7655 1
295 1
4615 1
5027 1
7371 1
7659 1
2563 1
7579 1
7247 1
4228 2
5112 2
4120 2
4936 2
4404 2
4408 2
7508 2
7596 2
4116 2
4108 2
824 2
4232 2
5020 2
7620 2
4960 2
4824 2
4196 2
4516 2
4200 2
7553 2
305 2
4909 2
4305 2
3505 2
4293 2
5029 2
4741 2
4713 2
4469 2
4593 2
4185 2
4581 2
201 2
4297 2
3613 2
4917 2
5085 2
4417 2
4181 2
4226 2
9530 2
906 2
5106 2
1802 2
4694 2
5098 2
4862 2
4102 2
5014 2
4402 2
4278 2
5018 2
3094 2
4194 2
4114 2
4686 2
5055 2
5079 2
4167 2
4431 2
4319 2
4619 2
835 2
4739 2
4179 2
7423 2
751 2
4467 2
4291 2
4627 2
4607 2
4143 2
4795 2
1283 2
7535 2
4992 3
4724 3
8948 3
5952 3
4528 3
5840 3
4520 3
3404 3
1120 3
4240 3
5720 3
5108 3
4788 3
8952 3
3972 3
8776 3
8772 3
4284 3
8828 3
5716 3
1924 3
4880 3
9060 3
4352 3
1104 3
224 3
4396 3
5664 3
7484 3
5828 3
4648 3
4657 3
5869 3
8757 3
4173 3
4585 3
1785 3
7673 3
5757 3
4557 3
4501 3
5729 3
8761 3
5041 3
4769 3
8881 3
4445 3
1437 3
5789 3
4129 3
4629 3
5761 3
5637 3
8869 3
5649 3
5901 3
8705 3
4473 3
837 3
3485 3
989 3
4106 3
7218 3
7590 3
4282 3
8770 3
4542 3
4974 3
2338 3
8910 3
8066 3
4222 3
8946 3
9058 3
70 3
4514 3
5978 3
4490 3
4254 3
5802 3
918 3
4334 3
5966 3
5826 3
5690 3
4930 3
5854 3
8798 3
5678 3
4390 3
5714 3
4566 3
8822 3
4366 3
8755 3
5863 3
5775 3
4555 3
4343 3
5743 3
5755 3
4499 3
4443 3
5899 3
1527 3
8719 3
7455 3
4455 3
4155 3
387 3
5083 3
4879 3
4267 3
5663 3
5787 3
5867 3
3367 3
4579 3
3915 3
4907 3
5783 3
7543 3
4707 3
1647 3
8895 3
204 4
5136 4
5832 4
8896 4
5216 4
280 4
6116 4
4208 4
6104 4
8860 4
5244 4
5192 4
8784 4
4320 4
5692 4
5804 4
296 4
4380 4
4932 4
1180 4
6004 4
8192 4
6092 4
9092 4
8984 4
9064 4
6128 4
8940 4
4144 4
5980 4
9072 4
4836 4
9184 4
6008 4
4256 4
9436 4
8980 4
9104 4
5356 4
4572 4
4492 4
8905 4
8285 4
5993 4
4349 4
5881 4
9133 4
8873 4
8257 4
8993 4
6049 4
4945 4
4865 4
5925 4
5705 4
8845 4
341 4
2977 4
5165 4
9169 4
4505 4
7373 4
5641 4
4269 4
6077 4
5813 4
4237 4
9157 4
5937 4
8733 4
9381 4
5913 4
9021 4
5289 4
5177 4
8813 4
6025 4
9045 4
4461 4
5354 4
8386 4
5350 4
8594 4
6002 4
7506 4
5974 4
5070 4
8826 4
9034 4
350 4
6142 4
3886 4
9090 4
4394 4
7330 4
1266 4
4818 4
9518 4
8922 4
5798 4
5006 4
9198 4
8934 4
5878 4
8298 4
1242 4
9118 4
5230 4
5242 4
5686 4
8854 4
8978 4
934 4
22 4
9210 4
5702 4
6086 4
4894 4
5766 4
4378 4
5238 4
8206 4
7306 4
6114 4
4458 4
9086 4
6090 4
4551 4
8731 4
5987 4
5283 4
6063 4
5171 4
8843 4
5635 4
5003 4
5951 4
5159 4
4767 4
911 4
6071 4
9183 4
723 4
5335 4
4171 4
8743 4
8867 4
715 4
9947 4
855 4
8919 4
9007 4
5751 4
5907 4
5895 4
2435 4
9019 4
6075 4
1879 4
9127 4
8811 4
9043 4
5163 4
5811 4
4439 4
6019 4
8271 4
7567 4
9131 4
9015 4
4375 4
8283 4
5928 5
7168 5
1320 5
436 5
5124 5
5708 5
5248 5
8356 5
8924 5
8480 5
5884 5
8244 5
2508 5
8248 5
5364 5
5816 5
4756 5
8748 5
2704 5
4868 5
5564 5
5480 5
8508 5
8972 5
9212 5
5476 5
5424 5
8220 5
9096 5
9036 5
4432 5
5512 5
5396 5
1936 5
8300 5
5368 5
4820 5
5640 5
8720 5
4460 5
5400 5
6120 5
8368 5
6036 5
5388 5
8332 5
8800 5
5276 5
3508 5
5877 5
4037 5
8409 5
8969 5
8433 5
4381 5
5341 5
8857 5
5285 5
9161 5
4569 5
8573 5
8233 5
5453 5
5909 5
8749 5
5173 5
5313 5
1089 5
5461 5
9145 5
8521 5
8421 5
6101 5
5817 5
9049 5
929 5
1825 5
1733 5
3373 5
8925 5
8685 5
5989 5
3225 5
2677 5
5577 5
8545 5
4209 5
5573 5
5465 5
4393 5
5057 5
8697 5
4753 5
5201 5
3085 5
6021 5
4157 5
8309 5
8397 5
4374 5
5618 5
8218 5
5506 5
9142 5
5394 5
5558 5
5186 5
8330 5
5922 5
5270 5
7618 5
6098 5
4346 5
5474 5
7954 5
5990 5
4722 5
9030 5
2490 5
8506 5
8294 5
8214 5
5274 5
8382 5
2954 5
1338 5
4642 5
8814 5
8354 5
5150 5
8858 5
5386 5
8242 5
8502 5
4570 5
5262 5
5382 5
8326 5
3494 5
8938 5
6034 5
5582 5
9206 5
5362 5
8966 5
442 5
8746 5
4158 5
4486 5
5706 5
8494 5
8727 5
8571 5
4671 5
5339 5
8559 5
8839 5
9155 5
8567 5
5571 5
8447 5
9139 5
4459 5
8307 5
3019 5
8747 5
8403 5
5623 5
5459 5
5687 5
5875 5
4847 5
4019 5
5279 5
4783 5
8515 5
5135 5
5599 5
8391 5
5311 5
8279 5
5215 5
5923 5
8395 5
8683 5
5423 5
8227 5
4263 5
5451 5
8679 5
5699 5
2675 5
6047 5
4347 5
5447 5
8807 5
9031 5
503 5
4487 5
7608 6
5508 6
8656 6
2724 6
9768 6
5056 6
6040 6
5300 6
9604 6
9148 6
8620 6
2616 6
8312 6
5188 6
4348 6
96 6
8832 6
9932 6
2780 6
8644 6
8360 6
5924 6
5600 6
9048 6
4504 6
852 6
8456 6
2560 6
752 6
2604 6
3600 6
8236 6
5044 6
9160 6
5536 6
2612 6
5412 6
9820 6
8632 6
6100 6
9944 6
2728 6
5996 6
5128 6
4544 6
9792 6
8424 6
2900 6
8532 6
632 6
5520 6
3424 6
8344 6
564 6
8577 6
8405 6
9829 6
7397 6
5601 6
8425 6
2669 6
8517 6
2801 6
9037 6
8825 6
2789 6
5693 6
9741 6
8605 6
909 6
2793 6
8937 6
8313 6
213 6
8785 6
4709 6
2681 6
5929 6
4281 6
2709 6
7429 6
9601 6
5629 6
5365 6
2409 6
8465 6
8229 6
5701 6
6033 6
5585 6
9833 6
8693 6
5409 6
9749 6
8341 6
1097 6
6113 6
4493 6
2569 6
1657 6
5005 6
9141 6
5189 6
433 6
7317 6
5121 6
2913 6
4321 6
2625 6
889 6
9753 6
5297 6
5489 6
2602 6
9814 6
9762 6
5534 6
2750 6
3938 6
5910 6
8734 6
1930 6
5614 6
4170 6
5502 6
2898 6
2722 6
5810 6
8714 6
8230 6
2774 6
8970 6
518 6
8306 6
5562 6
9806 6
9926 6
5438 6
5122 6
9818 6
8530 6
4834 6
8406 6
5882 6
4454 6
8614 6
7478 6
8618 6
8418 6
4270 6
4446 6
5214 6
8670 6
4958 6
8338 6
390 6
5298 6
9930 6
6022 6
2610 6
5634 6
314 6
8450 6
8918 6
5550 6
3550 6
2598 6
8742 6
8626 6
2574 6
5326 6
8339 6
5839 6
2787 6
9735 6
8603 6
8479 6
5435 6
8195 6
8691 6
8923 6
6127 6
6015 6
8851 6
5071 6
2763 6
9747 6
5187 6
2707 6
8599 6
2651 6
1411 6
8295 6
4563 6
2927 6
983 6
3951 6
7259 6
9855 6
8543 6
8963 6
31 6
6099 6
5259 6
2663 6
7667 6
4959 6
8419 6
4891 6
2583 6
4379 6
5627 6
5503 6
4151 6
5327 6
9827 6
2639 6
8655 6
5547 6
2815 6
9207 6
5799 6
8367 6
6028 7
2904 7
8872 7
8420 7
1356 7
9008 7
2752 7
5812 7
952 7
5916 7
4944 7
3012 7
9120 7
8536 7
8412 7
4132 7
8340 7
9968 7
3024 7
5312 7
1192 7
9940 7
2640 7
5304 7
1552 7
9764 7
8628 7
3276 7
8708 7
2892 7
8452 7
2164 7
5636 7
5200 7
8308 7
4584 7
5856 7
424 7
5488 7
2848 7
5588 7
3016 7
2736 7
9732 7
8648 7
5744 7
9844 7
4308 7
8353 7
2653 7
5553 7
9777 7
5805 7
4821 7
2701 7
3053 7
709 7
8853 7
1953 7
2941 7
4645 7
8641 7
4241 7
3305 7
6105 7
2945 7
5149 7
2825 7
8629 7
9917 7
9985 7
4893 7
8453 7
8345 7
8529 7
5437 7
9213 7
2713 7
8897 7
13 7
2765 7
5261 7
7605 7
9873 7
2973 7
4565 7
7497 7
9861 7
8965 7
5549 7
6001 7
5477 7
5521 7
9865 7
9841 7
5193 7
2833 7
2589 7
2997 7
9953 7
8301 7
2821 7
8234 7
9154 7
5082 7
2886 7
4498 7
2586 7
9902 7
2666 7
3010 7
3062 7
370 7
2874 7
5450 7
5994 7
2654 7
4754 7
9042 7
9982 7
4558 7
2698 7
3038 7
8642 7
226 7
9790 7
9842 7
8518 7
5174 7
8590 7
4026 7
2986 7
5626 7
2778 7
5950 7
4866 7
5410 7
3042 7
2862 7
8478 7
222 7
2126 7
9146 7
9938 7
6062 7
8846 7
5727 7
9859 7
2819 7
9035 7
5227 7
3051 7
9739 7
5147 7
5975 7
9791 7
9887 7
1259 7
8255 7
2971 7
9911 7
8451 7
4223 7
6139 7
1867 7
4491 7
4387 7
2939 7
4999 7
1751 7
5363 7
2587 7
3451 7
2959 7
8931 7
2759 7
8819 7
2667 7
5543 7
5615 7
1951 7
9967 7
2847 7
9103 7
2935 7
9915 7
2647 7
3047 7
2695 7
8215 7
8591 7
9999 7
7624 8
2588 8
8760 8
2928 8
156 8
2288 8
9848 8
2112 8
5628 8
3068 8
5776 8
1772 8
892 8
2276 8
2628 8
8464 8
4172 8
5936 8
5416 8
4500 8
8524 8
2140 8
2344 8
4644 8
9328 8
8272 8
8576 8
2924 8
1424 8
2668 8
2700 8
2988 8
2876 8
7308 8
2168 8
9776 8
9956 8
5180 8
9888 8
6048 8
9320 8
8544 8
9236 8
4420 8
4840 8
9240 8
9316 8
5452 8
8884 8
4728 8
9044 8
2252 8
7512 8
9156 8
2400 8
4472 8
9876 8
5229 8
9305 8
9089 8
1565 8
9301 8
6889 8
2561 8
3873 8
2889 8
7285 8
4105 8
9889 8
1201 8
2073 8
9981 8
4389 8
8241 8
9249 8
1081 8
2777 8
2877 8
2209 8
2085 8
2097 8
8669 8
4529 8
2237 8
4933 8
5825 8
8221 8
1257 8
9073 8
5397 8
9765 8
5369 8
2153 8
9709 8
2061 8
5981 8
3001 8
4353 8
5109 8
3065 8
9245 8
2601 8
8933 8
4833 8
9805 8
8457 8
5561 8
3066 8
1466 8
2506 8
8558 8
738 8
9282 8
4342 8
9914 8
5758 8
8446 8
2890 8
2662 8
2138 8
5286 8
2250 8
5042 8
2582 8
4130 8
2150 8
4782 8
3386 8
5162 8
2274 8
2870 8
4578 8
9342 8
9234 8
6370 8
2134 8
5914 8
2694 8
334 8
9314 8
8866 8
9022 8
2302 8
9454 8
1814 8
1542 8
8694 8
2766 8
5586 8
5774 8
8270 8
2162 8
5338 8
8410 8
2982 8
9954 8
9071 8
8799 8
2235 8
4735 8
2555 8
2279 8
6087 8
9211 8
2059 8
5143 8
2111 8
5691 8
2055 8
4971 8
2883 8
9979 8
8911 8
4255 8
2871 8
5567 8
9275 8
9903 8
2083 8
8327 8
8627 8
3495 8
251 8
4275 8
8491 8
5255 8
5535 8
5431 8
5963 8
9299 8
2231 8
8299 8
819 8
5483 8
8667 8
2699 8
2995 8
4527 8
5475 8
1519 8
2223 8
8991 8
9803 8
9263 8
3059 8
5803 8
5239 8
2983 8
4335 8
8379 8
2967 8
3000 9
4 9
9468 9
2200 9
4092 9
2824 9
5084 9
9292 9
9524 9
9128 9
9440 9
1788 9
3040 9
2196 9
5888 9
2540 9
2280 9
2804 9
2088 9
2320 9
9960 9
5292 9
9360 9
4296 9
9352 9
9348 9
2680 9
8432 9
8700 9
4872 9
5164 9
8868 9
2712 9
7336 9
5732 9
2792 9
2956 9
1720 9
656 9
2156 9
2308 9
9228 9
9916 9
5760 9
2376 9
9740 9
308 9
2428 9
8256 9
8996 9
4760 9
9988 9
2076 9
8384 9
5592 9
4596 9
2264 9
5340 9
8333 9
5713 9
5385 9
9413 9
5273 9
3061 9
2361 9
9941 9
5017 9
2185 9
2885 9
2149 9
9185 9
8381 9
8977 9
5665 9
373 9
5509 9
8493 9
9537 9
2181 9
2989 9
9425 9
2385 9
1613 9
2525 9
3397 9
1805 9
8821 9
9589 9
5965 9
8633 9
5481 9
4197 9
2069 9
285 9
2737 9
9389 9
6093 9
8773 9
2773 9
2349 9
9293 9
7669 9
9565 9
2261 9
9057 9
2089 9
2437 9
9277 9
9417 9
4277 9
6141 9
9801 9
2334 9
2246 9
4306 9
2070 9
2426 9
8602 9
9222 9
2194 9
8522 9
9346 9
9578 9
5870 9
5462 9
4166 9
2538 9
5446 9
2154 9
9134 9
8882 9
5662 9
1286 9
5622 9
2534 9
9486 9
8706 9
9874 9
8754 9
2422 9
9830 9
5178 9
8286 9
8570 9
2626 9
6074 9
8682 9
9398 9
9290 9
114 9
9226 9
2942 9
7602 9
9374 9
6026 9
2414 9
9466 9
5790 9
5470 9
9182 9
9738 9
2135 9
2875 9
9387 9
9799 9
5851 9
4367 9
2343 9
2259 9
2575 9
9463 9
9563 9
2519 9
2179 9
8219 9
7367 9
5223 9
9411 9
2347 9
5667 9
8663 9
8959 9
9551 9
2147 9
327 9
4099 9
5351 9
2067 9
8203 9
1611 9
2523 9
9115 9
9975 9
5555 9
2903 9
2771 9
9287 9
5979 9
9763 9
8503 9
5395 9
9439 9
2595 9
9271 9
2399 9
9087 9
2355 9
9419 9
1103 9
9383 9
5648 10
9168 10
5156 10
8712 10
1608 10
6064 10
2312 10
5048 10
2632 10
2188 10
3472 10
9528 10
4580 10
6076 10
4768 10
5652 10
9500 10
9648 10
2460 10
5464 10
9404 10
3688 10
8560 10
772 10
9172 10
7432 10
9836 10
5576 10
672 10
764 10
8684 10
9472 10
2916 10
5468 10
4136 10
2484 10
9880 10
2552 10
3596 10
2996 10
2260 10
2960 10
2372 10
9264 10
8604 10
9580 10
4040 10
9824 10
2084 10
9636 10
8756 10
2432 10
8945 10
2613 10
393 10
245 10
2497 10
5401 10
5957 10
4973 10
8609 10
1365 10
4513 10
3573 10
5241 10
8949 10
5353 10
5853 10
2265 10
8205 10
4117 10
4229 10
9513 10
9117 10
361 10
5841 10
3673 10
9225 10
9817 10
9769 10
5357 10
9061 10
3697 10
9713 10
5245 10
3661 10
9469 10
3537 10
2141 10
9593 10
9329 10
9105 10
9701 10
8509 10
2473 10
9677 10
1269 10
9689 10
2373 10
2621 10
9401 10
2597 10
8193 10
9929 10
5557 10
3669 10
2357 10
8617 10
2549 10
3213 10
2469 10
2849 10
813 10
105 10
2706 10
5898 10
9278 10
9458 10
9634 10
3590 10
2818 10
1870 10
2802 10
1890 10
2446 10
2674 10
4594 10
9522 10
2370 10
9734 10
5742 10
9910 10
9610 10
2454 10
5334 10
8398 10
9286 10
5574 10
3626 10
2458 10
8698 10
4014 10
9498 10
8394 10
4418 10
9462 10
2306 10
2074 10
4010 10
2914 10
4906 10
2182 10
2546 10
2994 10
9750 10
9402 10
8094 10
2082 10
3054 10
2786 10
5290 10
8994 10
2258 10
3594 10
4466 10
9662 10
9574 10
9006 10
9510 10
9986 10
5902 10
3682 10
7603 10
2511 10
2175 10
2247 10
3655 10
5379 10
8771 10
2207 10
4643 10
3659 10
5507 10
9699 10
8487 10
6135 10
4819 10
4415 10
4931 10
9195 10
2751 10
3667 10
9559 10
4859 10
5271 10
9199 10
9219 10
2987 10
8331 10
8303 10
8783 10
2495 10
2467 10
9291 10
2319 10
4887 10
9575 10
9727 10
9587 10
3023 10
2371 10
9675 10
2911 10
2735 10
8375 10
8615 10
1855 10
4543 10
5675 10
9939 10
2287 10
7427 10
5267 10
9671 10
6091 10
9395 10
9416 11
4424 11
5288 11
9752 11
3620 11
8436 11
8572 11
2820 11
8260 11
7224 11
552 11
2548 11
9704 11
4184 11
2788 11
2836 11
9624 11
8396 11
4312 11
5764 11
9864 11
3924 11
5580 11
3928 11
5900 11
9252 11
3608 11
8888 11
9584 11
9640 11
2808 11
2488 11
2364 11
9376 11
9516 11
9304 11
9380 11
5152 11
352 11
9692 11
3720 11
3632 11
3772 11
8992 11
2708 11
9992 11
3744 11
3604 11
8672 11
4468 11
4428 11
9612 11
3684 11
9592 11
9756 11
2048 11
4401 11
3809 11
2117 11
8505 11
3685 11
3785 11
2481 11
2161 11
4721 11
3837 11
9197 11
5277 11
5269 11
4101 11
9397 11
9337 11
2377 11
9621 11
9221 11
3961 11
8981 11
9509 11
6089 11
2253 11
3333 11
9945 11
2305 11
2897 11
2193 11
3025 11
3617 11
8369 11
3009 11
9685 11
337 11
9705 11
5953 11
5513 11
6129 11
4405 11
9581 11
2725 11
1913 11
2273 11
9441 11
3781 11
5381 11
465 11
8621 11
2958 11
9606 11
4742 11
2974 11
2398 11
5158 11
9514 11
3602 11
3678 11
6078 11
5570 11
4630 11
9170 11
8282 11
3646 11
5466 11
2482 11
3770 11
7194 11
9490 11
9390 11
8894 11
6070 11
2102 11
5786 11
9834 11
3710 11
646 11
2110 11
9686 11
2678 11
2186 11
3766 11
4290 11
4670 11
5730 11
4606 11
3714 11
2358 11
9494 11
938 11
2510 11
8574 11
3114 11
8598 11
1742 11
974 11
9410 11
4710 11
9298 11
1634 11
9862 11
2222 11
8678 11
5243 11
3835 11
7315 11
9495 11
9507 11
5959 11
5519 11
8947 11
879 11
8507 11
9811 11
3631 11
9619 11
3955 11
3779 11
2863 11
3807 11
2411 11
9295 11
1863 11
2611 11
1351 11
9923 11
2423 11
5011 11
5855 11
3107 11
3831 11
8199 11
3491 11
5347 11
5107 11
7491 11
4239 11
2375 11
9343 11
2139 11
5679 11
9683 11
5383 11
9083 11
2623 11
9119 11
3711 11
9467 11
2547 11
1403 11
4195 11
3159 11
9815 11
3456 12
8696 12
3696 12
9428 12
5176 12
3624 12
5940 12
9412 12
2948 12
9700 12
5728 12
9868 12
8592 12
3796 12
5336 12
3884 12
3808 12
2224 12
9832 12
3892 12
5572 12
8548 12
2496 12
9552 12
2684 12
2920 12
9000 12
3896 12
8284 12
5788 12
1968 12
1680 12
9588 12
9176 12
1884 12
3716 12
7604 12
8880 12
2384 12
2476 12
932 12
4908 12
2636 12
2016 12
9300 12
2176 12
4600 12
2676 12
5328 12
2944 12
5440 12
2208 12
2096 12
3920 12
9361 12
3949 12
2721 12
8217 12
3957 12
573 12
5217 12
3793 12
2113 12
2901 12
8769 12
3753 12
4517 12
8777 12
589 12
2429 12
2609 12
9085 12
9501 12
8481 12
5389 12
3605 12
4069 12
2413 12
9821 12
33 12
5349 12
9505 12
5677 12
9813 12
5717 12
9317 12
2445 12
8329 12
2553 12
3409 12
2617 12
2333 12
5977 12
9625 12
3729 12
3905 12
9093 12
5097 12
4073 12
9925 12
2790 12
9618 12
8758 12
9250 12
9878 12
7670 12
9698 12
2926 12
3742 12
3882 12
262 12
3758 12
8566 12
5866 12
2062 12
2362 12
2814 12
9754 12
3890 12
4182 12
9130 12
2846 12
1118 12
8718 12
1586 12
9690 12
9858 12
5282 12
8258 12
5030 12
8686 12
3618 12
5078 12
9586 12
3822 12
8550 12
4918 12
9566 12
5650 12
7302 12
8870 12
1594 12
2470 12
2834 12
5166 12
5578 12
3878 12
5458 12
9647 12
2251 12
3919 12
9927 12
8499 12
159 12
9359 12
5967 12
9607 12
9327 12
3823 12
2123 12
3039 12
4115 12
5559 12
3035 12
1147 12
2331 12
3683 12
547 12
419 12
2859 12
5235 12
8907 12
167 12
5195 12
1223 12
4203 12
5407 12
3863 12
9579 12
3755 12
3331 12
2299 12
4539 12
4067 12
3943 12
5355 12
8619 12
455 12
9535 12
9247 12
3947 12
8207 12
8611 12
2723 12
3643 12
1115 12
5391 12
2443 12
4967 12
4227 12
9059 12
2535 12
9455 12
9111 12
5847 12
460 13
8520 13
2912 13
5736 13
4008 13
2008 13
36 13
76 13
5332 13
2840 13
9728 13
6024 13
8264 13
9540 13
8468 13
2336 13
3908 13
5616 13
1648 13
5460 13
9256 13
9664 13
4592 13
4060 13
2980 13
8764 13
9132 13
8704 13
9620 13
2100 13
3728 13
3800 13
3840 13
9860 13
6052 13
4292 13
6072 13
1956 13
4004 13
2796 13
4032 13
2832 13
2541 13
8953 13
4225 13
1377 13
3737 13
9237 13
4541 13
5565 13
9613 13
3013 13
8657 13
2301 13
445 13
4649 13
3933 13
9633 13
1989 13
2857 13
9345 13
4081 13
9473 13
5113 13
3989 13
3645 13
8245 13
3037 13
8297 13
9313 13
2289 13
3869 13
4937 13
5393 13
4201 13
501 13
4825 13
1605 13
3993 13
9521 13
5505 13
3689 13
5237 13
7609 13
3701 13
8613 13
9233 13
9933 13
2729 13
1385 13
5829 13
5137 13
4861 13
2125 13
9069 13
2769 13
3757 13
8390 13
9726 13
2346 13
5754 13
5170 13
3658 13
7494 13
3946 13
4794 13
2710 13
2058 13
4054 13
2234 13
5894 13
3934 13
3854 13
4294 13
2522 13
3670 13
5938 13
3834 13
8434 13
1518 13
3794 13
2946 13
9046 13
9438 13
4430 13
9826 13
2682 13
2474 13
9426 13
2046 13
2970 13
810 13
9746 13
4178 13
4470 13
4030 13
9866 13
5762 13
8606 13
5342 13
4058 13
2238 13
2638 13
4002 13
9550 13
9018 13
4043 13
1075 13
2439 13
9651 13
9819 13
5487 13
2571 13
4403 13
3743 13
3183 13
3931 13
7395 13
2427 13
4363 13
3975 13
3639 13
4127 13
3599 13
8383 13
235 13
9375 13
9191 13
2407 13
6143 13
4095 13
495 13
971 13
2455 13
9499 13
2747 13
8979 13
8795 13
3867 13
2127 13
2327 13
6083 13
2899 13
9951 13
7631 13
9315 13
5275 13
5671 13
2599 13
8323 13
3603 13
9583 13
4515 13
3987 13
9904 14
5204 14
4016 14
9432 14
9536 14
3148 14
8408 14
5656 14
5740 14
3156 14
2800 14
2524 14
9020 14
3072 14
2060 14
8876 14
3104 14
5284 14
4636 14
5768 14
4748 14
2212 14
2716 14
4656 14
9748 14
2236 14
2348 14
8440 14
3836 14
5868 14
9712 14
3948 14
5032 14
2952 14
380 14
5912 14
4924 14
1028 14
2512 14
5036 14
5316 14
2624 14
3160 14
1204 14
3660 14
4084 14
3676 14
8357 14
3197 14
2493 14
4233 14
3169 14
8325 14
5249 14
2749 14
6005 14
2537 14
3717 14
9349 14
3077 14
3841 14
4977 14
8501 14
3981 14
8909 14
3593 14
7385 14
4045 14
3081 14
1489 14
2861 14
5473 14
7433 14
2605 14
8985 14
2461 14
3733 14
9937 14
5801 14
3609 14
673 14
2165 14
6085 14
2905 14
4121 14
2401 14
3089 14
2457 14
9209 14
7261 14
9793 14
9669 14
5013 14
9321 14
9065 14
4582 14
2938 14
8278 14
3118 14
3146 14
8546 14
9742 14
3050 14
9678 14
3906 14
6050 14
2350 14
3142 14
4046 14
610 14
5782 14
2822 14
1502 14
7382 14
5942 14
5598 14
8842 14
3154 14
9538 14
3290 14
8690 14
3866 14
3150 14
3978 14
2098 14
54 14
2218 14
3570 14
186 14
9158 14
3782 14
5454 14
9302 14
790 14
2794 14
4902 14
9998 14
7426 14
9262 14
291 14
9091 14
123 14
9451 14
587 14
3855 14
2539 14
9931 14
3927 14
2295 14
1715 14
9487 14
2119 14
9611 14
9339 14
8495 14
3011 14
9659 14
2303 14
3715 14
4039 14
9079 14
5971 14
8639 14
3751 14
3195 14
9483 14
3031 14
4683 14
3979 14
5715 14
3103 14
8211 14
5375 14
5231 14
9371 14
5531 14
5387 14
9235 14
5091 14
8935 14
9775 14
8823 14
2775 14
3075 14
3272 15
5492 15
3980 15
3912 15
2972 15
9544 15
9716 15
1660 15
8580 15
4416 15
3184 15
9248 15
4300 15
3788 15
3324 15
9052 15
5756 15
9308 15
8844 15
2388 15
4188 15
4476 15
3240 15
9828 15
8692 15
4796 15
3280 15
8232 15
3052 15
1828 15
9268 15
3268 15
8552 15
5944 15
2828 15
5584 15
2656 15
5172 15
7676 15
3868 15
4716 15
2812 15
2104 15
9424 15
8989 15
3133 15
2321 15
2425 15
2137 15
1141 15
4521 15
9241 15
4365 15
8533 15
3893 15
5689 15
5425 15
3881 15
4057 15
9661 15
6117 15
9649 15
9373 15
537 15
2573 15
1597 15
3253 15
3017 15
3201 15
4985 15
9453 15
3309 15
8213 15
4017 15
5361 15
7493 15
2277 15
3721 15
4409 15
4113 15
5221 15
9485 15
3769 15
9761 15
2249 15
8797 15
9097 15
5638 15
2762 15
994 15
9886 15
2518 15
8310 15
3186 15
9674 15
3218 15
8730 15
3130 15
9126 15
6018 15
3318 15
3322 15
4502 15
3674 15
4022 15
2714 15
2342 15
3958 15
5862 15
1974 15
2230 15
9918 15
5202 15
9414 15
5422 15
3294 15
2210 15
3266 15
686 15
5630 15
3942 15
9966 15
2526 15
3198 15
3862 15
8466 15
3654 15
8514 15
7566 15
4318 15
8762 15
2998 15
8470 15
3830 15
3850 15
4082 15
4554 15
4535 15
3191 15
4251 15
8291 15
2415 15
5095 15
8463 15
4983 15
5611 15
699 15
583 15
3799 15
5371 15
3215 15
2163 15
4031 15
1551 15
8243 15
5827 15
9347 15
3127 15
1539 15
2887 15
5563 15
3747 15
3251 15
5795 15
2459 15
2855 15
5199 15
8671 15
3591 15
5151 15
3587 15
8903 15
8855 15
3307 15
3227 15
3436 16
8516 16
3296 16
2360 16
3236 16
3132 16
3172 16
9780 16
88 16
3444 16
3244 16
4072 16
3964 16
3648 16
9144 16
5992 16
3392 16
272 16
9984 16
4588 16
4180 16
9696 16
3960 16
4088 16
5408 16
9164 16
3672 16
6020 16
2940 16
1696 16
2472 16
3004 16
3784 16
1476 16
9872 16
3448 16
6056 16
2216 16
2576 16
7321 16
2293 16
5721 16
5533 16
2985 16
1181 16
4005 16
3105 16
3321 16
3257 16
8645 16
8249 16
3145 16
2781 16
2197 16
9033 16
3597 16
8293 16
9525 16
9969 16
3377 16
5537 16
3229 16
5973 16
6037 16
8625 16
9341 16
3365 16
5125 16
2169 16
5613 16
2873 16
3245 16
7617 16
8829 16
8941 16
5093 16
5814 16
9274 16
3974 16
2054 16
3790 16
2386 16
9014 16
5026 16
4618 16
9714 16
3406 16
2966 16
5310 16
3442 16
8578 16
2270 16
3430 16
2650 16
8422 16
3418 16
3786 16
3242 16
9562 16
9854 16
5314 16
3126 16
2086 16
5906 16
10 16
8402 16
2670 16
9386 16
8874 16
2335 16
3139 16
347 16
2451 16
4103 16
4807 16
5499 16
5015 16
9243 16
9479 16
4855 16
3223 16
3891 16
507 16
3767 16
4207 16
2531 16
8967 16
9655 16
3239 16
2743 16
4051 16
1423 16
6003 16
3875 16
9807 16
3303 16
799 16
3391 16
6111 16
9663 16
3131 16
9899 16
575 16
5263 16
9787 16
2243 16
8351 16
2275 16
2567 16
4279 16
4695 16
3271 16
2419 16
9203 16
8355 16
9367 16
6115 16
2603 16
3763 16
3568 17
4304 17
2868 17
7196 17
2688 17
1024 17
7428 17
3092 17
3556 17
3824 17
7320 17
5644 17
9892 17
3820 17
2500 17
2764 17
9420 17
5296 17
9952 17
4920 17
5604 17
3080 17
9564 17
3992 17
4508 17
3420 17
8736 17
9720 17
3560 17
5208 17
2184 17
7500 17
9388 17
728 17
5880 17
4556 17
8404 17
2044 17
2072 17
8472 17
9676 17
8316 17
8732 17
4685 17
3877 17
8861 17
4253 17
2641 17
2893 17
2697 17
2533 17
2453 17
9637 17
3341 17
9845 17
3705 17
2433 17
9497 17
9609 17
3369 17
3765 17
9901 17
3773 17
2465 17
5301 17
3589 17
4053 17
8361 17
4489 17
5185 17
6009 17
3897 17
1341 17
2317 17
3433 17
505 17
2421 17
5797 17
8921 17
8449 17
5833 17
9353 17
3141 17
8810 17
150 17
3846 17
3554 17
5750 17
18 17
4298 17
6 17
3046 17
2558 17
5134 17
9050 17
9306 17
3666 17
798 17
4186 17
8342 17
3778 17
3310 17
3694 17
4442 17
9590 17
2826 17
2590 17
3238 17
8226 17
3434 17
8654 17
1602 17
5926 17
8838 17
4746 17
3662 17
3170 17
1078 17
3582 17
3954 17
5490 17
2686 17
9778 17
2934 17
9162 17
4070 17
5986 17
5546 17
4634 17
4922 17
5034 17
3339 17
7591 17
9027 17
8531 17
9595 17
3415 17
4567 17
3315 17
3063 17
9335 17
6035 17
3243 17
8791 17
8431 17
9447 17
2979 17
9983 17
2131 17
5527 17
3119 17
3471 17
9523 17
9223 17
4075 17
3595 17
8587 17
4391 17
2779 17
3335 17
5683 17
8775 17
5439 17
795 17
4359 17
9143 17
143 17
8827 17
875 17
3363 17
4979 17
5323 17
4003 17
2092 18
3700 18
5908 18
5028 18
9024 18
8968 18
128 18
3476 18
3356 18
608 18
8428 18
9276 18
3176 18
1108 18
8912 18
784 18
7552 18
8228 18
3064 18
5524 18
896 18
9596 18
3256 18
324 18
3532 18
2392 18
8584 18
3368 18
2152 18
3216 18
1668 18
9280 18
5320 18
2864 18
9840 18
4076 18
2652 18
5820 18
3517 18
6097 18
6121 18
2133 18
8537 18
2281 18
3541 18
9529 18
209 18
4285 18
2245 18
5021 18
3317 18
9229 18
3353 18
701 18
4809 18
3429 18
5501 18
8973 18
4109 18
9577 18
4193 18
4813 18
8337 18
2309 18
4989 18
3281 18
9465 18
2585 18
1617 18
4009 18
3633 18
3421 18
9789 18
561 18
3157 18
301 18
5101 18
3489 18
9205 18
317 18
3069 18
2178 18
3230 18
658 18
3090 18
9702 18
622 18
5602 18
3414 18
8314 18
2498 18
9670 18
3350 18
4474 18
4790 18
4586 18
3962 18
2354 18
4714 18
3002 18
3986 18
4142 18
2262 18
9418 18
5434 18
3530 18
3838 18
9558 18
146 18
6046 18
6102 18
4066 18
2466 18
9138 18
8542 18
8454 18
3074 18
2758 18
3903 18
5123 18
5935 18
2867 18
2891 18
2151 18
3879 18
8475 18
3539 18
3511 18
9363 18
2447 18
5211 18
2195 18
3347 18
5703 18
3695 18
2551 18
9399 18
3359 18
3727 18
2559 18
3427 18
8319 18
8643 18
5551 18
3515 18
7283 18
8231 18
4015 18
8939 18
1995 18
7479 18
5607 18
4331 18
3615 18
8779 18
9635 18
3503 18
9200 19
5932 19
8348 19
3328 19
5988 19
8072 19
8268 19
3752 19
636 19
4160 19
4336 19
364 19
3956 19
3076 19
5496 19
3544 19
3936 19
5548 19
3668 19
3096 19
2564 19
2356 19
8812 19
4896 19
5120 19
2888 19
4068 19
4444 19
180 19
5704 19
3480 19
3780 19
8640 19
5072 19
2468 19
3988 19
1272 19
3204 19
8856 19
4620 19
2268 19
9784 19
2504 19
9029 19
8589 19
1017 19
9289 19
9957 19
3713 19
5325 19
3885 19
5233 19
8417 19
4573 19
3889 19
5685 19
5921 19
4701 19
5413 19
2981 19
9149 19
7401 19
2201 19
3233 19
489 19
1677 19
557 19
6041 19
2665 19
4397 19
8801 19
3465 19
4377 19
2753 19
8745 19
593 19
3349 19
3545 19
2353 19
5522 19
8426 19
3462 19
498 19
4266 19
9802 19
1066 19
5258 19
2646 19
5874 19
9270 19
9382 19
3474 19
8750 19
1450 19
3250 19
7674 19
3362 19
698 19
8962 19
8366 19
2374 19
4074 19
4550 19
2146 19
9666 19
634 19
8926 19
1702 19
2066 19
3234 19
2702 19
4506 19
3526 19
1706 19
3354 19
9890 19
5642 19
8726 19
8630 19
5190 19
2090 19
3990 19
78 19
7206 19
5418 19
9978 19
4914 19
3155 19
1363 19
1691 19
9895 19
1771 19
6759 19
9491 19
2167 19
2691 19
3527 19
2271 19
2383 19
8859 19
5879 19
9571 19
9407 19
5119 19
7379 19
179 19
3459 19
3419 19
8915 19
9603 19
2071 19
4247 19
5299 19
555 19
5991 19
4483 19
3167 19
2655 19
3279 19
607 19
7643 19
7519 19
3771 19
8555 19
8407 19
5823 19
9843 19
1447 19
2307 19
5495 19
3295 19
4087 19
528 20
1716 20
2180 20
4128 20
9688 20
2976 20
4608 20
304 20
3524 20
3552 20
3996 20
4368 20
8460 20
9512 20
9140 20
4448 20
7388 20
584 20
6032 20
3364 20
5608 20
9896 20
3468 20
4784 20
2740 20
748 20
3812 20
9456 20
6264 20
4744 20
9980 20
8688 20
8288 20
516 20
8528 20
3252 20
5436 20
9400 20
6108 20
2776 20
3564 20
9708 20
3161 20
5129 20
3533 20
9641 20
5213 20
1477 20
5709 20
6809 20
8649 20
3269 20
409 20
9605 20
3681 20
3265 20
2869 20
2929 20
1689 20
3461 20
4333 20
9877 20
569 20
8721 20
2485 20
7597 20
8305 20
3745 20
9797 20
9405 20
3393 20
5625 20
581 20
8237 20
2545 20
5589 20
3601 20
4001 20
4981 20
2157 20
8477 20
3153 20
3918 20
3202 20
5146 20
182 20
8254 20
5818 20
2806 20
9594 20
3058 20
9882 20
9622 20
1298 20
4094 20
5054 20
3698 20
5542 20
6126 20
3342 20
2018 20
3182 20
9570 20
8666 20
542 20
630 20
2878 20
1662 20
3950 20
746 20
514 20
3538 20
9038 20
3454 20
9294 20
5366 20
3806 20
131 20
1187 20
3067 20
9511 20
2095 20
4219 20
9783 20
2767 20
9227 20
5099 20
3567 20
6059 20
7303 20
3647 20
3455 20
5911 20
8519 20
2579 20
5019 20
4107 20
2851 20
3883 20
4679 20
9167 20
579 20
4055 20
551 20
5411 20
9283 20
8971 20
9459 20
9804 21
3128 21
6112 21
236 21
2068 21
9224 21
3380 21
5876 21
4568 21
4480 21
5260 21
3856 21
8964 21
8788 21
9332 21
5680 21
1996 21
3504 21
2128 21
5528 21
2380 21
8936 21
3656 21
3344 21
8636 21
7568 21
9568 21
2600 21
3540 21
8900 21
8352 21
2148 21
1260 21
520 21
3704 21
8208 21
9272 21
7112 21
4916 21
5196 21
4268 21
8080 21
9913 21
4061 21
173 21
2629 21
5809 21
9193 21
9153 21
9113 21
4457 21
2693 21
3441 21
2257 21
3553 21
757 21
681 21
565 21
5885 21
5105 21
4485 21
3621 21
9849 21
1165 21
9265 21
3285 21
9493 21
733 21
8557 21
9573 21
1909 21
585 21
5449 21
5997 21
8833 21
2313 21
3389 21
9517 21
3301 21
705 21
8413 21
2077 21
2369 21
8917 21
1001 21
5305 21
1630 21
5930 21
482 21
2550 21
5086 21
5698 21
3466 21
3994 21
8346 21
3214 21
9470 21
2318 21
7314 21
9310 21
8806 21
9214 21
9682 21
7454 21
2494 21
7498 21
4174 21
2310 21
742 21
3078 21
566 21
5430 21
6014 21
2990 21
4438 21
8850 21
2882 21
2266 21
438 21
3102 21
2562 21
3630 21
7578 21
5478 21
578 21
9766 21
3007 21
3487 21
8443 21
727 21
2183 21
3531 21
3871 21
9403 21
4571 21
8739 21
3819 21
5647 21
1607 21
1063 21
5319 21
4027 21
3739 21
4987 21
2483 21
631 21
4371 21
1531 21
8815 21
5947 21
4803 21
3407 21
3115 21
8583 21
4283 21
719 21
2659 21
731 21
7255 21
2155 21
3267 21
4395 21
563 21
4811 21
3851 21
6023 21
9955 21
9147 21
9055 21
1391 21
1532 22
5148 22
692 22
3168 22
3904 22
580 22
5372 22
2340 22
3732 22
5560 22
8240 22
9076 22
3616 22
3060 22
3792 22
572 22
640 22
2852 22
760 22
3088 22
9628 22
3208 22
4080 22
8668 22
3528 22
3288 22
5792 22
668 22
3084 22
9961 22
2581 22
7645 22
3569 22
4697 22
6061 22
7485 22
9989 22
3445 22
1569 22
3921 22
885 22
9009 22
9461 22
69 22
1893 22
5917 22
3473 22
997 22
2081 22
637 22
4221 22
9285 22
6081 22
5417 22
2805 22
8525 22
7505 22
9737 22
3041 22
9102 22
9974 22
2206 22
3870 22
4910 22
3810 22
9394 22
4738 22
1966 22
7190 22
9706 22
2286 22
5398 22
1686 22
6698 22
8490 22
666 22
4350 22
1082 22
8458 22
754 22
4798 22
9506 22
2770 22
4382 22
662 22
6106 22
1938 22
8526 22
4614 22
5194 22
690 22
3502 22
1174 22
4462 22
2738 22
4154 22
5226 22
3390 22
654 22
8302 22
9942 22
755 22
675 22
2507 22
9631 22
3519 22
4327 22
2043 22
9687 22
3707 22
5175 22
5707 22
5587 22
3291 22
8235 22
1679 22
9767 22
459 22
2831 22
5207 22
2943 22
339 22
3143 22
5619 22
8735 22
527 22
1111 22
3759 22
3403 22
5883 22
4699 22
8695 22
9875 22
4943 22
8471 22
2719 22
2395 22
8267 22
5384 23
5484 23
9772 23
2304 23
40 23
7648 23
2480 23
6080 23
8444 23
872 23
4392 23
756 23
6000 23
696 23
8824 23
9444 23
8852 23
3968 23
9188 23
3200 23
3028 23
2556 23
9488 23
3816 23
8320 23
5700 23
9684 23
2884 23
5968 23
2568 23
2240 23
3376 23
5040 23
6593 23
2961 23
3293 23
857 23
2661 23
3853 23
9121 23
8321 23
9041 23
4257 23
4145 23
8445 23
1693 23
3821 23
4993 23
513 23
4881 23
4961 23
7381 23
881 23
4029 23
3149 23
2489 23
4433 23
4545 23
8701 23
5949 23
8741 23
4805 23
677 23
3273 23
5633 23
5337 23
3741 23
2993 23
845 23
9377 23
2189 23
761 23
1765 23
9693 23
3117 23
4373 23
6029 23
8601 23
8786 23
2594 23
834 23
2174 23
4562 23
4878 23
8674 23
9330 23
4494 23
8990 23
3378 23
9218 23
2142 23
3970 23
606 23
4622 23
822 23
8222 23
8930 23
8898 23
9582 23
3518 23
2378 23
8378 23
3254 23
3686 23
8634 23
5838 23
1010 23
650 23
6138 23
5510 23
5254 23
4262 23
5694 23
458 23
9798 23
570 23
9831 23
5443 23
635 23
1003 23
3579 23
9711 23
9279 23
2627 23
4451 23
839 23
895 23
4511 23
9599 23
5995 23
4059 23
8879 23
9515 23
2359 23
5067 23
599 23
8847 23
843 23
3619 23
7595 23
35 23
9907 23
9179 23
8551 23
2219 23
3583 23
3443 23
8411 23
5287 23
2799 23
2075 23
5771 23
887 23
9396 24
2192 24
4156 24
4632 24
2744 24
3488 24
3416 24
5404 24
9088 24
5228 24
4356 24
3712 24
9108 24
3708 24
84 24
4948 24
2760 24
8492 24
816 24
7316 24
5232 24
9928 24
804 24
3492 24
4324 24
8496 24
3916 24
780 24
3844 24
5060 24
4212 24
2772 24
9948 24
4244 24
132 24
9508 24
544 24
3384 24
7580 24
7440 24
5593 24
5181 24
3901 24
5161 24
2917 24
8269 24
8681 24
3797 24
853 24
2509 24
3405 24
5621 24
9881 24
4929 24
8145 24
3709 24
869 24
2529 24
3189 24
2033 24
8273 24
721 24
4345 24
9617 24
8709 24
4849 24
3581 24
5745 24
113 24
221 24
157 24
2817 24
3930 24
3022 24
2658 24
778 24
8662 24
3730 24
7582 24
5370 24
3226 24
678 24
3194 24
3082 24
3642 24
134 24
5806 24
9074 24
9990 24
3166 24
2850 24
3306 24
5554 24
8818 24
3754 24
4042 24
590 24
774 24
9626 24
914 24
830 24
8202 24
5142 24
866 24
1582 24
9987 24
163 24
5331 24
9731 24
743 24
8523 24
3319 24
851 24
9423 24
9751 24
9023 24
5915 24
271 24
2107 24
3055 24
4215 24
2171 24
5463 24
9311 24
703 24
3935 24
2803 24
6055 24
619 24
9336 25
9364 25
4772 25
8904 25
7536 25
3400 25
3692 25
4740 25
8792 25
4280 25
2272 25
4564 25
5272 25
4532 25
8608 25
3260 25
684 25
4660 25
5516 25
1328 25
8196 25
2116 25
592 25
6140 25
480 25
2160 25
2416 25
6068 25
8932 25
8380 25
2596 25
9816 25
9220 25
1152 25
8976 25
5824 25
868 25
5668 25
792 25
7212 25
3449 25
9553 25
961 25
5517 25
3137 25
5857 25
5445 25
969 25
9253 25
3577 25
8569 25
4033 25
469 25
2633 25
1729 25
1653 25
3557 25
5069 25
609 25
9909 25
3625 25
4673 25
9697 25
2365 25
1021 25
8865 25
5773 25
2397 25
5293 25
9181 25
689 25
8885 25
8385 25
161 25
2705 25
2049 25
621 25
9837 25
2221 25
9585 25
4497 25
749 25
7309 25
4453 25
8133 25
5777 25
558 25
3490 25
3338 25
5594 25
1722 25
5982 25
3982 25
5962 25
1754 25
5482 25
1406 25
3606 25
4386 25
5726 25
2442 25
9442 25
5002 25
718 25
7386 25
802 25
2330 25
2910 25
9502 25
8334 25
2614 25
2254 25
2554 25
9070 25
9186 25
3026 25
9770 25
4159 25
8439 25
2187 25
9135 25
7191 25
539 25
5943 25
8767 25
4559 25
7483 25
3847 25
4831 25
5659 25
9003 25
3735 25
2687 25
4975 25
4271 25
815 25
8359 25
3623 25
4591 25
7639 25
5007 25
8595 25
3287 25
2975 25
4023 25
71 25
1015 25
6027 25
3147 25
1019 25
9391 25
7467 25
2471 25
3111 25
4691 25
4447 25
867 25
3175 25
3815 25
2955 25
4895 25
492 26
3932 26
944 26
4864 26
5344 26
9080 26
3196 26
808 26
9912 26
3008 26
2856 26
704 26
3756 26
328 26
8204 26
5844 26
1624 26
8820 26
5352 26
3120 26
9600 26
3308 26
5556 26
7400 26
3736 26
4044 26
801 26
8997 26
541 26
5889 26
2837 26
1133 26
993 26
5469 26
3325 26
2785 26
9409 26
2109 26
3909 26
9733 26
7633 26
965 26
8753 26
9993 26
4169 26
8561 26
9973 26
6073 26
9393 26
873 26
5222 26
9946 26
9106 26
6094 26
7662 26
3366 26
2410 26
786 26
4150 26
7574 26
8510 26
4354 26
4322 26
510 26
2726 26
4242 26
7658 26
5058 26
682 26
3842 26
2734 26
9534 26
894 26
4626 26
9114 26
9922 26
8486 26
3382 26
954 26
9646 26
4210 26
3514 26
2950 26
170 26
5378 26
1474 26
5402 26
4946 26
3703 26
3575 26
8675 26
1643 26
5179 26
5759 26
8287 26
3555 26
9503 26
1007 26
643 26
4339 26
9863 26
5155 26
651 26
8707 26
2463 26
963 26
2503 26
4863 26
9691 26
747 26
623 26
3795 26
5583 26
2843 26
2915 26
8263 26
5515 26
3399 26
8699 26
5575 26
4955 26
956 27
5964 27
1792 27
720 27
4020 27
2528 27
3496 27
3644 27
3228 27
4388 27
8616 27
9192 27
5956 27
5712 27
2444 27
3340 27
9056 27
928 27
9808 27
3984 27
2896 27
5264 27
980 27
596 27
2620 27
5004 27
1592 27
8372 27
4064 27
7556 27
904 27
644 27
2292 27
788 27
453 27
4577 27
9005 27
4597 27
2809 27
2673 27
5333 27
4421 27
8393 27
4309 27
5897 27
9757 27
3185 27
3945 27
9297 27
7209 27
6065 27
3129 27
3977 27
2477 27
3813 27
4133 27
2957 27
4869 27
9173 27
73 27
5661 27
3865 27
2225 27
7289 27
5045 27
4693 27
789 27
7593 27
1093 27
8597 27
5850 27
9246 27
8958 27
7534 27
3690 27
2298 27
8374 27
854 27
2622 27
8622 27
2430 27
254 27
8950 27
8774 27
6134 27
4770 27
9358 27
950 27
3278 27
554 27
4526 27
3258 27
5266 27
8194 27
5246 27
4530 27
5514 27
9194 27
942 27
4766 27
4274 27
5666 27
8891 27
9723 27
8399 27
4047 27
2923 27
2679 27
8883 27
9835 27
9871 27
5767 27
5063 27
1619 27
5291 27
4479 27
2391 27
8563 27
4687 27
5471 27
5871 27
2363 27
663 27
5791 27
7343 27
4519 27
615 27
2063 27
5739 27
3431 27
991 27
4628 28
3032 28
1076 28
2332 28
5064 28
4328 28
9632 28
4952 28
8504 28
9448 28
3852 28
860 28
3372 28
6132 28
9116 28
3516 28
8484 28
2720 28
4712 28
4248 28
3612 28
5380 28
5240 28
4104 28
9476 28
5376 28
4360 28
9112 28
1612 28
4216 28
880 28
4817 28
977 28
1769 28
5153 28
4341 28
8677 28
8713 28
5581 28
5569 28
2845 28
8261 28
653 28
2241 28
3801 28
529 28
3657 28
109 28
3241 28
669 28
3833 28
7469 28
485 28
1105 28
2949 28
8673 28
5733 28
3417 28
9665 28
4757 28
121 28
8281 28
3477 28
4957 28
5157 28
7457 28
2921 28
617 28
9429 28
7550 28
7274 28
9810 28
9362 28
274 28
9318 28
978 28
2114 28
1006 28
898 28
4890 28
58 28
5358 28
8782 28
5346 28
2902 28
5842 28
9326 28
3718 28
626 28
4658 28
3210 28
730 28
2122 28
3134 28
9614 28
9062 28
8198 28
8715 28
4163 28
9435 28
3323 28
7307 28
787 28
2835 28
5903 28
3907 28
6067 28
9567 28
827 28
3379 28
103 28
9547 28
2811 28
5843 28
2215 28
1587 28
75 28
3027 28
9251 28
3671 28
535 28
9175 28
9703 28
8995 28
8575 28
115 28
9759 28
107 28
988 29
3848 29
4752 29
9196 29
8328 29
6088 29
4276 29
2412 29
9520 29
2300 29
4776 29
1080 29
984 29
820 29
4512 29
5852 29
3232 29
2732 29
7360 29
7660 29
556 29
4536 29
7444 29
5220 29
9924 29
8780 29
8944 29
5268 29
900 29
5672 29
4892 29
9344 29
9920 29
5081 29
5653 29
5329 29
9869 29
3529 29
9533 29
117 29
4085 29
8889 29
913 29
833 29
8893 29
5785 29
5765 29
2925 29
2521 29
4465 29
829 29
545 29
3193 29
2685 29
7197 29
5741 29
3561 29
793 29
6133 29
8437 29
85 29
4837 29
4038 29
8370 29
2618 29
734 29
9822 29
5954 29
8982 29
4414 29
858 29
3542 29
4998 29
9082 29
3438 29
1462 29
5278 29
3302 29
98 29
3190 29
5674 29
7554 29
5958 29
3222 29
3750 29
3034 29
3926 29
8610 29
3638 29
602 29
5518 29
8890 29
594 29
5295 29
1279 29
4779 29
2103 29
5655 29
5043 29
9839 29
175 29
3015 29
4595 29
711 29
5467 29
6079 29
4419 29
783 29
7587 29
2635 29
7647 29
4867 29
5891 29
9755 29
1699 29
2791 29
4131 29
4603 29
3179 29
4303 29
3343 29
4655 29
9171 29
8387 29
9259 29
4307 29
8999 29
2543 29
3203 29
1300 30
5016 30
1132 30
8660 30
44 30
8956 30
3804 30
2120 30
9368 30
9812 30
5552 30
3108 30
9560 30
3680 30
8200 30
9232 30
992 30
2608 30
4664 30
5448 30
7520 30
5140 30
56 30
80 30
9324 30
2448 30
2124 30
2404 30
732 30
8768 30
5848 30
8565 30
7329 30
9549 30
269 30
4725 30
4165 30
633 30
9541 30
2233 30
3677 30
9217 30
2101 30
9257 30
3437 30
9857 30
3097 30
9725 30
9129 30
5941 30
2813 30
5457 30
2337 30
8593 30
2345 30
1305 30
6069 30
9001 30
2841 30
7394 30
4406 30
4198 30
1922 30
42 30
3370 30
2438 30
638 30
2290 30
5406 30
842 30
4230 30
8414 30
4846 30
38 30
4706 30
3334 30
8482 30
4018 30
9110 30
5234 30
9422 30
4118 30
3014 30
9238 30
2542 30
8498 30
4098 30
3610 30
474 30
5110 30
1546 30
2858 30
926 30
3510 30
6130 30
3326 30
667 30
79 30
2239 30
1567 30
4951 30
3971 30
9427 30
543 30
8371 30
939 30
2475 30
4755 30
5731 30
3859 30
927 30
3235 30
3123 30
5167 30
3199 30
5183 30
5579 30
3475 30
7463 30
647 30
8259 30
2947 30
1143 30
979 30
8275 30
2039 30
3939 30
2951 30
8759 30
8687 30
9084 31
5252 31
9312 31
5348 31
600 31
7524 31
2908 31
1504 31
9068 31
9724 31
5504 31
5676 31
3724 31
8376 31
4400 31
5960 31
708 31
5976 31
68 31
144 31
9652 31
1704 31
3036 31
832 31
8612 31
8216 31
2021 31
2797 31
5893 31
9177 31
4425 31
4641 31
4289 31
3725 31
7589 31
8717 31
9745 31
2057 31
4137 31
3297 31
9437 31
4605 31
321 31
3761 31
4781 31
5049 31
5441 31
6053 31
1857 31
65 31
4313 31
5529 31
5281 31
3913 31
901 31
8549 31
5865 31
4601 31
8389 31
9017 31
7621 31
4873 31
745 31
8906 31
5718 31
966 31
694 31
3330 31
2326 31
9094 31
4518 31
7442 31
2798 31
9658 31
3206 31
8582 31
8118 31
7654 31
50 31
4238 31
94 31
2838 31
2634 31
2746 31
1454 31
4538 31
5390 31
2406 31
5846 31
8778 31
5486 31
9474 31
2094 31
4970 31
2730 31
4886 31
9934 31
5218 31
4822 31
1798 31
7210 31
4934 31
9867 31
3351 31
959 31
671 31
3783 31
2839 31
5763 31
5735 31
3651 31
775 31
1575 31
3411 31
9995 31
9679 31
5779 31
4427 31
7203 31
3523 31
8871 31
215 31
5595 31
1659 31
2031 31
8887 31
5075 31
39 31
9639 31
1355 31
8703 31
3827 31
2711 31
7471 31
5651 31
4835 31
912 32
7560 32
3880 32
6136 32
3548 32
52 32
8296 32
8988 32
9616 32
5116 32
9736 32
2228 32
4972 32
1188 32
3768 32
3432 32
5236 32
4236 32
676 32
4832 32
4100 32
768 32
972 32
4708 32
9796 32
3320 32
216 32
4124 32
844 32
4056 32
4412 32
3144 32
2592 32
4204 32
1053 32
4905 32
517 32
7481 32
9825 32
5737 32
2637 32
641 32
4761 32
233 32
29 32
9261 32
9729 32
941 32
1897 32
7345 32
665 32
2969 32
8765 32
1993 32
9482 32
1906 32
4646 32
8658 32
7374 32
8322 32
8954 32
2294 32
9190 32
8794 32
550 32
278 32
9370 32
2570 32
3894 32
3622 32
5830 32
7546 32
6082 32
3246 32
5566 32
8246 32
9950 32
5138 32
5010 32
1018 32
6031 32
2683 32
2515 32
2739 32
3435 32
8607 32
9123 32
899 32
4191 32
227 32
5419 32
2919 32
1783 32
11 32
8527 32
23 32
9047 32
5939 32
5343 32
1311 32
4083 32
4723 32
9883 32
7355 32
823 32
8435 32
4224 33
1148 33
9100 33
5428 33
4540 33
8908 33
8488 33
3408 33
924 33
5096 33
2860 33
420 33
5800 33
2296 33
8816 33
7396 33
4828 33
9908 33
4940 33
3020 33
2324 33
8500 33
7672 33
9244 33
4524 33
2516 33
3592 33
5392 33
256 33
7276 33
2456 33
3352 33
7448 33
5224 33
472 33
4024 33
5724 33
3973 33
5781 33
2513 33
5753 33
8841 33
5657 33
3481 33
8689 33
8469 33
4429 33
613 33
3173 33
8661 33
229 33
3125 33
5077 33
5205 33
8265 33
8277 33
2213 33
5617 33
781 33
5169 33
329 33
3861 33
2953 33
5597 33
797 33
4841 33
49 33
9433 33
8877 33
377 33
6006 33
4126 33
8210 33
4362 33
2462 33
9066 33
726 33
2166 33
1378 33
258 33
990 33
3802 33
5374 33
2118 33
66 33
9774 33
9322 33
2402 33
9350 33
9078 33
5670 33
5970 33
9450 33
5890 33
4667 33
9943 33
2351 33
5455 33
9643 33
7271 33
7195 33
471 33
627 33
3675 33
4599 33
8711 33
9159 33
91 33
9303 33
5859 33
4183 33
5031 33
4775 33
127 33
5307 33
4315 33
27 33
4295 33
4471 33
7615 33
8547 33
2339 33
2807 33
4919 33
2099 33
9719 33
2823 33
4583 33
3699 33
47 33
9208 34
7548 34
620 34
72 34
2748 34
8928 34
2536 34
9480 34
5012 34
1020 34
2768 34
1540 34
8324 34
5472 34
116 34
9972 34
9644 34
3584 34
864 34
220 34
5836 34
6084 34
9180 34
4652 34
3464 34
604 34
1 34
3789 34
4729 34
2005 34
3357 34
2717 34
9717 34
9905 34
9681 34
9997 34
9125 34
3413 34
2733 34
6017 34
3829 34
4177 34
3049 34
905 34
7509 34
5405 34
189 34
7357 34
7205 34
5769 34
8441 34
5317 34
3237 34
3941 34
3722 34
2906 34
846 34
4122 34
9650 34
2606 34
9718 34
7522 34
4938 34
1062 34
4734 34
4858 34
8986 34
706 34
14 34
6118 34
46 34
4410 34
4234 34
5250 34
5530 34
2962 34
7606 34
4966 34
5114 34
8358 34
3106 34
582 34
9338 34
214 34
8638 34
4202 34
931 34
6051 34
759 34
935 34
4743 34
2047 34
5919 34
8107 34
8763 34
9011 34
2795 34
9743 34
3507 34
9543 34
4899 34
7475 34
3311 34
5039 34
2227 34
7619 34
255 34
7359 34
8415 34
4503 34
9963 34
9539 34
739 34
5688 35
8796 35
7248 35
4364 35
2424 35
6012 35
4860 35
3900 35
9936 35
9484 35
192 35
5144 35
3332 35
8848 35
3284 35
9660 35
4112 35
5540 35
7412 35
8252 35
2572 35
168 35
8664 35
568 35
2232 35
93 35
2657 35
4901 35
4477 35
3653 35
4925 35
5421 35
9053 35
281 35
2881 35
7601 35
5861 35
8729 35
4301 35
4669 35
4793 35
5037 35
4553 35
8581 35
2937 35
8513 35
777 35
81 35
5945 35
241 35
1745 35
4189 35
4317 35
3525 35
5090 35
4534 35
7666 35
106 35
8902 35
9794 35
5794 35
970 35
838 35
3546 35
3030 35
4826 35
5610 35
8290 35
218 35
8830 35
346 35
5198 35
4050 35
7422 35
4522 35
3138 35
4250 35
5631 35
3547 35
2051 35
4139 35
4423 35
655 35
15 35
9431 35
9851 35
2631 35
5999 35
8835 35
5747 35
3483 35
8239 35
5131 35
6915 35
4631 35
3959 35
5639 35
8311 35
5203 35
9384 36
7668 36
9760 36
5972 36
5092 36
4976 36
9032 36
7528 36
7612 36
5008 36
5360 36
2408 36
4720 36
4096 36
2248 36
0 36
9016 36
4272 36
2172 36
9372 36
5088 36
4384 36
8960 36
8212 36
4984 36
8401 36
4089 36
9357 36
4749 36
4637 36
5025 36
6057 36
9165 36
5905 36
4509 36
4589 36
3521 36
3401 36
5309 36
9885 36
7477 36
9013 36
2517 36
3217 36
629 36
2761 36
5493 36
2105 36
7169 36
8553 36
2341 36
7625 36
162 36
3762 36
6038 36
4006 36
5426 36
826 36
6110 36
206 36
3426 36
4650 36
7430 36
8462 36
7542 36
9098 36
7270 36
3314 36
8534 36
1162 36
5722 36
2854 36
4206 36
2278 36
3874 36
5834 36
9202 36
8942 36
83 36
4663 36
8467 36
1959 36
7507 36
475 36
5591 36
659 36
4091 36
5399 36
3439 36
4187 36
4711 36
2963 36
3 36
9255 36
5815 36
779 36
7351 36
8651 36
4787 36
515 36
7231 36
8247 36
8875 36
2999 36
3843 36
2211 36
5796 37
9452 37
5184 37
9356 37
6124 37
4192 37
8292 37
2436 37
8624 37
4560 37
4252 37
7408 37
8804 37
8920 37
2136 37
2880 37
4800 37
3580 37
5256 37
712 37
884 37
164 37
5532 37
4488 37
8364 37
7436 37
680 37
9309 37
2829 37
8497 37
9673 37
1713 37
53 37
4141 37
4441 37
153 37
8809 37
7333 37
2577 37
9965 37
3649 37
5749 37
2389 37
8737 37
5645 37
4682 37
3018 37
2322 37
1070 37
118 37
9642 37
8350 37
3346 37
3422 37
4358 37
294 37
4854 37
5126 37
4978 37
5102 37
8862 37
9242 37
8250 37
5498 37
4330 37
2742 37
5682 37
5022 37
2782 37
4110 37
2450 37
7610 37
8790 37
3586 37
7439 37
1987 37
8423 37
2527 37
7563 37
3171 37
3043 37
4547 37
119 37
3463 37
5035 37
4311 37
951 37
4747 37
4299 37
9151 37
4927 37
8723 37
4475 37
7671 37
8223 37
307 37
2715 37
5927 37
9919 37
203 37
6043 37
9051 37
1439 37
5887 37
4923 37
9415 37
5315 37
4688 38
2644 38
4684 38
1480 38
9656 38
5892 38
6044 38
244 38
9136 38
588 38
476 38
4808 38
2984 38
8124 38
716 38
108 38
3188 38
1868 38
9340 38
7496 38
5612 38
1008 38
3112 38
5696 38
9800 38
5133 38
741 38
1013 38
197 38
4913 38
5073 38
9561 38
9781 38
4161 38
8913 38
4789 38
5209 38
953 38
7217 38
149 38
7513 38
4337 38
4897 38
2649 38
9545 38
8225 38
5985 38
8837 38
7305 38
2229 38
8317 38
7565 38
7277 38
597 38
4617 38
141 38
4717 38
5821 38
9853 38
7410 38
2578 38
4398 38
1014 38
9970 38
5118 38
1718 38
2486 38
3458 38
5934 38
7262 38
6010 38
7630 38
2530 38
4814 38
9026 38
9898 38
4246 38
3826 38
1578 38
7318 38
5538 38
4286 38
9526 38
9994 38
4990 38
3598 38
3734 38
522 38
8539 38
4435 38
2671 38
9991 38
4079 38
331 38
3263 38
3087 38
3275 38
3967 38
4587 38
4635 38
4507 38
9715 38
3787 38
147 38
3999 38
8579 38
87 38
3691 38
135 38
6123 38
5415 38
5051 38
2003 38
9492 39
7584 39
5872 39
6096 39
4996 39
3760 39
1904 39
7288 39
4884 39
4964 39
4376 39
1844 39
8724 39
2064 39
4332 39
5432 39
8540 39
4980 39
468 39
4148 39
7616 39
8448 39
260 39
184 39
9204 39
8744 39
5684 39
5104 39
7425 39
8725 39
8473 39
7677 39
4449 39
2297 39
2053 39
817 39
5605 39
9385 39
5873 39
3965 39
3093 39
5053 39
8109 39
1817 39
4785 39
4549 39
5545 39
693 39
1621 39
4265 39
9654 39
5322 39
366 39
430 39
190 39
26 39
2314 39
4702 39
2050 39
8646 39
4574 39
7434 39
6122 39
4482 39
2418 39
7490 39
7370 39
1758 39
8430 39
2566 39
4218 39
1646 39
8974 39
7559 39
7183 39
8751 39
4751 39
771 39
6103 39
9163 39
5491 39
2727 39
8343 39
5643 39
4611 39
4135 39
3355 39
3791 39
7299 39
7495 39
5711 39
3375 39
8975 39
8803 39
7331 39
4715 39
2931 39
5303 39
4260 40
3520 40
8836 40
496 40
5984 40
7492 40
7416 40
7324 40
124 40
4436 40
4456 40
4852 40
5132 40
9260 40
856 40
2872 40
5500 40
7372 40
2784 40
1568 40
9025 40
2205 40
4369 40
4153 40
4613 40
6045 40
3121 40
5321 40
2441 40
9137 40
8429 40
8653 40
9273 40
4437 40
4609 40
5933 40
2965 40
205 40
521 40
4802 40
242 40
5302 40
4678 40
3898 40
562 40
7642 40
5822 40
5778 40
8362 40
1194 40
3282 40
7282 40
9478 40
5710 40
8914 40
9786 40
310 40
462 40
4942 40
5210 40
8802 40
4326 40
9475 40
4799 40
139 40
6011 40
4259 40
8363 40
4351 40
367 40
4911 40
2115 40
9879 40
7179 40
1239 40
4175 40
7451 40
3679 40
51 40
5087 40
8863 40
2755 40
4875 40
3247 40
1040 41
1632 41
5920 41
3140 41
7236 41
4220 41
8336 41
2756 41
1392 41
8224 41
2284 41
936 41
440 41
5660 41
9028 41
1664 41
3056 41
7472 41
4548 41
4052 41
4696 41
1412 41
3876 41
4484 41
4804 41
7644 41
4676 41
7453 41
4481 41
417 41
7501 41
2689 41
1253 41
1637 41
5697 41
7301 41
6125 41
4737 41
4013 41
8805 41
957 41
661 41
1145 41
7337 41
3817 41
2217 41
4877 41
5433 41
7221 41
3005 41
7569 41
7181 41
7577 41
2198 41
7322 41
8318 41
2170 41
9694 41
2242 41
4994 41
4882 41
5886 41
2894 41
9366 41
4146 41
7598 41
4370 41
3566 41
6042 41
9150 41
5066 41
4850 41
8586 41
4962 41
1554 41
7366 41
962 41
8722 41
7518 41
5526 41
2382 41
8315 41
5047 41
5819 41
2591 41
1755 41
679 41
4623 41
5359 41
9959 41
7675 41
4575 41
2827 41
3543 41
2479 41
3551 41
3163 41
4071 41
4463 41
7275 41
1515 41
111 41
5127 41
8927 41
2087 41
5191 41
5324 42
9216 42
7284 42
3164 42
332 42
2696 42
5544 42
4012 42
4888 42
8808 42
92 42
176 42
7504 42
1208 42
2328 42
5748 42
5904 42
3764 42
4344 42
7384 42
7636 42
4928 42
2692 42
9976 42
3428 42
9012 42
1372 42
2816 42
3316 42
4661 42
3045 42
177 42
3997 42
4949 42
981 42
9201 42
5061 42
5681 42
5001 42
9893 42
4773 42
5525 42
1177 42
4213 42
1581 42
353 42
8541 42
2501 42
8665 42
8789 42
6109 42
9421 42
4325 42
3469 42
8961 42
7649 42
1313 42
4261 42
9846 42
326 42
4258 42
4830 42
6058 42
2130 42
2394 42
1766 42
7486 42
7398 42
882 42
3478 42
4690 42
4214 42
8738 42
4674 42
5646 42
4450 42
4434 42
2642 42
5606 42
4062 42
1978 42
1810 42
4763 42
2387 42
987 42
2367 42
7383 42
7447 42
7583 42
8943 42
8251 42
7327 42
9471 42
5835 42
4383 42
7571 42
4639 42
1923 42
8131 42
4147 42
2643 42
3231 42
9307 42
7175 42
7499 42
9779 42
8103 42
344 43
4968 43
5000 43
5068 43
8416 43
7296 43
7460 43
1760 43
4692 43
7404 43
8652 43
4856 43
8916 43
4152 43
3748 43
200 43
4680 43
4372 43
3588 43
624 43
3640 43
5808 43
9900 43
7313 43
4625 43
7573 43
5497 43
4765 43
45 43
4245 43
8585 43
101 43
41 43
3177 43
7193 43
1189 43
6013 43
7557 43
5257 43
4561 43
7657 43
1273 43
9166 43
4954 43
7246 43
8474 43
9354 43
7466 43
7638 43
7378 43
5998 43
8538 43
9446 43
758 43
7234 43
102 43
5654 43
2434 43
330 43
8122 43
5414 43
1022 43
674 43
8834 43
7634 43
8702 43
4399 43
1407 43
6039 43
1459 43
5603 43
9039 43
4947 43
4495 43
9099 43
9591 43
3135 43
7663 43
1703 43
2191 43
4871 43
9771 43
591 43
8455 43
3663 43
9667 43
9847 43
5931 43
4771 43
7219 43
2267 43
947 43
5059 43
968 44
7380 44
7468 44
2452 44
7232 44
28 44
8728 44
8400 44
2584 44
3636 44
4956 44
3348 44
188 44
4816 44
248 44
7640 44
7592 44
212 44
5860 44
5308 44
5212 44
4168 44
4264 44
9532 44
3396 44
8121 44
8901 44
8365 44
1481 44
7537 44
8849 44
4889 44
5793 44
8081 44
2933 44
4357 44
457 44
7445 44
9721 44
7389 44
8349 44
57 44
7225 44
4149 44
338 44
9334 44
3298 44
5062 44
9406 44
1326 44
5494 44
4838 44
5046 44
5946 44
7402 44
4510 44
4546 44
5130 44
394 44
4338 44
714 44
4870 44
4034 44
9554 44
7310 44
4758 44
2978 44
1883 44
8831 44
7187 44
8427 44
7531 44
1991 44
7651 44
5539 44
4287 44
4211 44
4659 44
4995 44
9555 44
4843 44
239 44
5723 44
4323 44
7555 44
5367 44
4719 44
5632 45
3180 45
8740 45
7240 45
6016 45
8304 45
4452 45
4440 45
1548 45
4764 45
2532 45
7348 45
3048 45
9788 45
16 45
7533 45
7189 45
5065 45
1981 45
4705 45
8289 45
4125 45
5837 45
4777 45
5197 45
4845 45
4385 45
4953 45
1877 45
945 45
5145 45
3825 45
7653 45
9189 45
4665 45
8238 45
266 45
5746 45
4590 45
7258 45
354 45
7586 45
4778 45
122 45
7462 45
9054 45
586 45
3158 45
174 45
534 45
7342 45
4726 45
4654 45
5294 45
4134 45
7458 45
9638 45
5695 45
603 45
379 45
8787 45
2079 45
4759 45
199 45
3283 45
6119 45
7443 45
8647 45
8115 45
871 45
7527 45
4243 45
7387 45
7551 45
7184 46
4780 46
2664 46
6060 46
368 46
5080 46
7480 46
4552 46
7260 46
4844 46
7588 46
4340 46
4876 46
5160 46
9124 46
7328 46
8096 46
4732 46
7464 46
5052 46
4640 46
8929 46
3073 46
7393 46
4217 46
8117 46
3985 46
4969 46
773 46
2757 46
2593 46
4065 46
7545 46
7525 46
4533 46
3953 46
7361 46
3101 46
8253 46
4413 46
7561 46
4997 46
725 46
4310 46
4950 46
7254 46
8274 46
5770 46
7346 46
4162 46
5918 46
7622 46
8554 46
2866 46
7354 46
3774 46
9010 46
7286 46
4823 46
9215 46
4839 46
831 46
3983 46
7407 46
4647 46
767 46
5427 46
7207 46
4523 46
6107 46
4111 46
8095 46
8079 46
5403 46
4731 46
8987 46
1767 46
9379 46
7679 46
4935 46
191 46
4883 46
548 47
7352 47
7628 47
348 47
2032 47
7600 47
2420 47
5780 47
3460 47
9152 47
7356 47
4140 47
4496 47
7208 47
3512 47
7292 47
340 47
8840 47
4733 47
7665 47
7213 47
5725 47
1381 47
9557 47
3329 47
9077 47
4273 47
5969 47
1261 47
8065 47
8069 47
3777 47
7449 47
4329 47
4730 47
7614 47
1654 47
2106 47
4666 47
4842 47
4762 47
8878 47
7198 47
7474 47
322 47
5318 47
2214 47
4874 47
4478 47
7510 47
3522 47
7375 47
5719 47
1919 47
7539 47
383 47
7523 47
2283 47
7431 47
4355 47
5111 47
2159 47
7419 47
6007 47
3635 47
691 47
803 47
7607 47
4904 48
7476 48
2648 48
8588 48
7172 48
4704 48
4164 48
2932 48
4668 48
9608 48
7204 48
7304 48
7516 48
4624 48
7613 48
4829 48
7421 48
9977 48
8093 48
4885 48
5225 48
4857 48
3249 48
925 48
289 48
7529 48
325 48
2865 48
4249 48
2565 48
7437 48
8817 48
7541 48
4941 48
7413 48
4653 48
7334 48
7438 48
6066 48
5074 48
7514 48
7170 48
486 48
1090 48
2754 48
8110 48
4422 48
5050 48
7290 48
3070 48
7562 48
5858 48
7350 48
7626 48
4774 48
7202 48
4411 48
7627 48
4727 48
3963 48
7503 48
3911 48
2703 48
5023 48
8091 48
8535 48
7319 48
4007 48
5807 48
9067 48
5523 48
3003 48
8899 48
7411 48
3091 48
7211 48
7415 48
4199 48
8067 48
955 48
4963 48
5420 49
7264 49
7488 49
5624 49
2144 49
5948 49
3292 49
7564 49
7664 49
7176 49
4736 49
7300 49
3124 49
8280 49
7340 49
7424 49
4792 49
4576 49
4912 49
7216 49
4316 49
1000 49
7273 49
4097 49
7629 49
5117 49
7369 49
3665 49
7417 49
4965 49
5609 49
7325 49
7489 49
5669 49
8793 49
8137 49
7249 49
4681 49
2093 49
2645 49
9101 49
1894 49
3650 49
406 49
4718 49
902 49
8710 49
5658 49
7298 49
4662 49
302 49
138 49
7178 49
4302 49
4898 49
5590 49
8442 49
7338 49
7230 49
7435 49
8087 49
9267 49
4851 49
7267 49
9107 49
7263 49
4119 49
4827 49
859 49
7611 49
7363 49
4651 49
7228 50
7376 50
7180 50
2244 50
9852 50
5752 50
7192 50
5076 50
388 50
8148 50
9496 50
8596 50
4525 50
7281 50
449 50
7405 50
9785 50
4689 50
7365 50
8073 50
7269 50
1609 50
9597 50
841 50
7585 50
7517 50
7473 50
7237 50
2930 50
850 50
7174 50
2478 50
7278 50
9958 50
7678 50
8766 50
4638 50
7502 50
4138 50
7222 50
7326 50
2690 50
2282 50
1254 50
4750 50
7450 50
5479 50
8119 50
5251 50
5103 50
7399 50
4235 50
279 50
1023 50
7295 50
7515 50
7623 50
5831 50
7243 50
4939 50
7323 50
4531 50
9891 50
7391 50
7572 51
7364 51
7652 51
7452 51
4616 51
9040 51
312 51
7200 51
8084 51
9408 51
7188 51
7540 51
7312 51
5024 51
7297 51
1717 51
4853 51
4205 51
7245 51
4801 51
849 51
1737 51
7241 51
3361 51
7377 51
5009 51
7641 51
7257 51
7185 51
5373 51
8125 51
8461 51
7558 51
3374 51
4598 51
4786 51
7226 51
3394 51
5306 51
806 51
8082 51
7530 51
5206 51
7186 51
7390 51
8650 51
8146 51
9795 51
8631 51
7311 51
7487 51
511 51
7235 51
7599 51
807 51
7403 51
2263 51
7251 51
1435 51
4675 51
3803 51
7239 51
7339 51
7511 51
7532 52
8512 52
4612 52
7392 52
8108 52
5168 52
8116 52
4464 52
8064 52
240 52
7576 52
3872 52
8132 52
7252 52
8152 52
8088 52
8076 52
8092 52
8120 52
7272 52
112 52
8144 52
8136 52
3029 52
7461 52
7349 52
7253 52
7173 52
3925 52
5845 52
8097 52
7465 52
7341 52
9325 52
4361 52
7293 52
6137 52
4041 52
7201 52
8078 52
7446 52
7418 52
8130 52
8090 52
8158 52
8102 52
4190 52
8134 52
8114 52
7650 52
8070 52
7214 52
7362 52
8106 52
7406 52
8086 52
382 52
7538 52
7227 52
4703 52
7291 52
8123 52
5115 52
7287 52
3071 52
9935 52
4991 52
7215 52
7635 52
8183 52
7199 52
7335 52
4900 53
7268 53
8112 53
7256 53
7280 53
3440 53
2396 53
8100 53
7368 53
5596 53
8140 53
9572 53
8188 53
7544 53
1244 53
7420 53
7229 53
4677 53
1841 53
1517 53
8153 53
8113 53
7637 53
8101 53
8157 53
8149 53
8129 53
8105 53
7353 53
7265 53
8085 53
4926 53
8074 53
7570 53
7238 53
5738 53
358 53
8138 53
8182 53
7242 53
7414 53
7266 53
7294 53
7526 53
7250 53
8126 53
8147 53
1135 53
8151 53
8083 53
8955 53
7223 53
1663 53
8347 53
8127 53
567 53
2379 53
8111 53
7347 53
8099 53
8155 53
7279 53
7171 53
1940 54
8172 54
8180 54
3312 54
8184 54
1812 54
8156 54
8176 54
7840 54
8128 54
8164 54
8104 54
8016 54
7244 54
8077 54
8089 54
8189 54
8169 54
8185 54
493 54
8045 54
7965 54
7177 54
1773 54
8165 54
8141 54
8177 54
7937 54
1645 54
8181 54
713 54
8154 54
8150 54
8170 54
8098 54
230 54
8142 54
1610 54
8438 54
470 54
194 54
8166 54
7978 54
8178 54
8190 54
8162 54
8139 54
8179 54
7959 54
8135 54
639 54
2907 54
8071 54
7459 54
8075 54
1299 54
7963 54
8143 54
1215 54
8163 54
8191 54
7988 55
6404 55
7992 55
7868 55
7940 55
8004 55
1708 55
7728 55
7936 55
8168 55
7980 55
1368 55
916 55
7964 55
7952 55
685 55
8161 55
7993 55
2505 55
8173 55
9489 55
7825 55
7989 55
7933 55
8057 55
357 55
185 55
8053 55
7962 55
8030 55
7742 55
1818 55
6542 55
8002 55
7854 55
7866 55
7950 55
7966 55
7958 55
7986 55
9722 55
5442 55
5038 55
7974 55
998 55
8186 55
7931 55
7951 55
7975 55
6319 55
1171 55
8039 55
2255 55
6495 55
7987 55
8171 55
7755 55
8167 55
3839 55
8043 55
7091 55
4035 55
8187 55
8051 55
8060 56
6292 56
7892 56
6580 56
8008 56
7944 56
7716 56
6528 56
3776 56
7816 56
7757 56
5961 56
6481 56
7813 56
7973 56
7793 56
8001 56
7093 56
7977 56
7905 56
257 56
7961 56
8957 56
7981 56
8029 56
7953 56
365 56
7985 56
5141 56
7957 56
3289 56
7881 56
7890 56
8054 56
7938 56
986 56
7810 56
7862 56
7690 56
6290 56
722 56
6430 56
7990 56
7158 56
171 56
7927 56
8023 56
7919 56
7811 56
7979 56
7943 56
8027 56
6619 56
7955 56
7999 56
7971 56
403 56
6803 56
275 56
7839 56
8175 56
6607 56
8015 56
8032 57
20 57
6376 57
7996 57
9556 57
7812 57
7824 57
2544 57
776 57
7896 57
1052 57
7692 57
7877 57
8017 57
6921 57
6357 57
7701 57
6777 57
8637 57
7817 57
7949 57
6258 57
8042 57
6402 57
7714 57
6578 57
7686 57
7838 57
3174 57
6554 57
870 57
8058 57
7878 57
8031 57
6207 57
7967 57
7751 57
7863 57
7875 57
311 57
7807 57
7947 57
6372 58
7704 58
8044 58
6296 58
1960 58
6416 58
6988 58
6408 58
8160 58
6556 58
6584 58
7000 58
7884 58
8056 58
7720 58
7828 58
7889 58
2121 58
6621 58
7769 58
6305 58
273 58
6917 58
7941 58
6645 58
8005 58
7781 58
6469 58
7705 58
785 58
7869 58
922 58
6246 58
7698 58
7766 58
8038 58
6510 58
8046 58
6694 58
7994 58
8003 58
7779 58
247 58
3899 58
7763 58
6179 58
7903 58
427 58
6791 58
7851 58
7699 58
6443 58
8052 59
7772 59
6496 59
948 59
7968 59
7700 59
1836 59
6260 59
1572 59
7920 59
7785 59
3457 59
7841 59
7853 59
3693 59
7097 59
877 59
1761 59
2405 59
8009 59
1409 59
3565 59
6445 59
7765 59
7918 59
6566 59
1690 59
6166 59
6550 59
7826 59
8050 59
8014 59
6634 59
794 59
7106 59
490 59
7882 59
6874 59
259 59
7847 59
6615 59
6883 59
3383 59
2019 59
7867 59
1335 59
6355 59
7687 59
7055 59
6643 59
6467 59
1895 59
1556 60
6736 60
6824 60
6636 60
7904 60
7832 60
6572 60
7784 60
8000 60
1672 60
7164 60
8028 60
7693 60
6649 60
7865 60
6185 60
1709 60
6193 60
6685 60
7713 60
6569 60
3902 60
7770 60
7982 60
6278 60
506 60
7934 60
6398 60
9730 60
8026 60
6454 60
6551 60
1511 60
9351 60
6439 60
7855 60
6331 60
1635 60
7727 60
6967 60
6563 60
8055 60
7859 60
7939 60
6284 61
3976 61
7780 61
7908 61
148 61
6252 61
6172 61
7932 61
7744 61
6384 61
6460 61
3952 61
8020 61
7893 61
6473 61
261 61
7861 61
6333 61
6565 61
8061 61
6557 61
6805 61
6361 61
1050 61
8022 61
6570 61
7814 61
422 61
7930 61
1854 61
6994 61
7778 61
6522 61
1570 61
6986 61
6630 61
3558 61
7691 61
3571 61
7823 61
6943 61
9443 61
6763 61
6631 61
287 61
7739 61
531 61
6648 62
6524 62
7820 62
7108 62
2964 62
7976 62
7041 62
6457 62
217 62
165 62
7809 62
6797 62
7741 62
7729 62
7806 62
1370 62
7926 62
6458 62
7906 62
7162 62
6222 62
7758 62
7970 62
2038 62
6591 62
6231 62
943 62
8335 62
7079 62
2487 62
7891 62
8951 62
6771 62
6343 62
6155 62
6519 62
6679 62
7792 63
6608 63
1928 63
7880 63
6848 63
6712 63
6876 63
7972 63
293 63
7945 63
6637 63
5541 63
1041 63
6973 63
237 63
6157 63
6885 63
6346 63
6642 63
6818 63
1290 63
8018 63
3006 63
9870 63
6282 63
6170 63
6250 63
3611 63
6555 63
7735 63
1431 63
6451 63
6683 63
7835 63
3211 63
7743 63
8059 63
6327 63
7024 64
7912 64
9744 64
7796 64
6432 64
6996 64
3388 64
3860 64
6208 64
660 64
1164 64
1977 64
6349 64
129 64
6929 64
6237 64
7837 64
1025 64
7085 64
6525 64
6529 64
6577 64
7717 64
6281 64
1853 64
6453 64
7689 64
7897 64
7134 64
426 64
7874 64
6750 64
6622 64
7818 64
6518 64
8174 64
7998 64
7754 64
7023 64
1399 64
7067 64
6635 64
183 64
6644 65
7136 65
7856 65
6472 65
812 65
6144 65
7056 65
1012 65
7876 65
6348 65
3652 65
6320 65
412 65
2329 65
8033 65
1065 65
618 65
7702 65
7794 65
3098 65
414 65
3634 65
6151 65
735 65
7683 65
6543 65
7879 65
7831 65
6539 65
6523 65
1683 65
6795 65
1067 65
3220 66
7756 66
6820 66
6596 66
8024 66
7984 66
1636 66
7120 66
1005 66
8041 66
6541 66
7009 66
6773 66
7685 66
1149 66
6417 66
8373 66
1885 66
1901 66
1941 66
7069 66
7902 66
6706 66
6446 66
6234 66
6342 66
6862 66
6958 66
6606 66
7083 66
6911 66
7715 66
1795 66
319 66
3371 66
6415 66
3099 66
6235 66
1287 66
6275 66
6971 66
99 66
6347 66
7147 66
7888 67
6592 67
6484 67
508 67
7708 67
7800 67
6401 67
6581 67
2025 67
6277 67
6497 67
2393 67
7885 67
6657 67
649 67
6169 67
3922 67
702 67
6158 67
7750 67
1134 67
7150 67
9850 67
7038 67
6594 67
6334 67
1526 67
6466 67
8035 67
8047 67
7711 67
7991 67
1967 67
6431 67
439 67
6535 67
6724 68
6236 68
1880 68
1340 68
7768 68
648 68
464 68
688 68
6468 68
6360 68
1641 68
6833 68
821 68
461 68
429 68
3585 68
6385 68
1601 68
7721 68
7082 68
1618 68
1246 68
3998 68
7870 68
7070 68
9331 68
1671 68
7063 68
9323 68
6308 69
8676 69
6944 69
2672 69
6900 69
6600 69
6708 69
1588 69
8037 69
6945 69
6897 69
1781 69
7149 69
7697 69
1537 69
6209 69
2045 69
7121 69
6553 69
1710 69
1126 69
7946 69
7782 69
6846 69
142 69
7706 69
6482 69
7850 69
6618 69
7035 69
151 69
6735 69
6579 69
6303 69
6163 69
6511 69
6427 69
208 70
7012 70
1576 70
1452 70
6932 70
7044 70
6196 70
1728 70
1484 70
8892 70
6249 70
1685 70
6405 70
1241 70
89 70
6494 70
3798 70
818 70
6354 70
502 70
270 70
8006 70
1990 70
2 70
1698 70
7762 70
6230 70
1651 70
1791 70
6399 70
9531 70
2323 70
6671 70
7767 70
1775 70
7883 70
7844 71
1580 71
484 71
7084 71
1304 71
6620 71
7788 71
7852 71
6429 71
6165 71
6293 71
6585 71
9809 71
7829 71
6289 71
6306 71
6722 71
1750 71
1106 71
478 71
1574 71
6847 71
1799 71
1163 71
6223 71
6959 71
6547 71
1503 71
7135 71
7915 71
7143 71
207 71
6480 72
452 72
7764 72
6356 72
6832 72
2056 72
1544 72
400 72
456 72
1492 72
6184 72
7680 72
6488 72
1417 72
9269 72
1965 72
7037 72
6898 72
6970 72
958 72
6646 72
1834 72
6194 72
299 72
6859 72
1127 72
8063 72
1179 72
6403 72
7948 73
432 73
576 73
6312 73
7917 73
1353 73
6373 73
7921 73
6709 73
1705 73
6549 73
7773 73
6721 73
450 73
7846 73
386 73
6670 73
1598 73
6930 73
2006 73
6614 73
7042 73
7010 73
423 73
6243 73
6423 73
2203 73
3255 73
1971 73
407 73
3731 73
995 73
5772 74
560 74
6652 74
6261 74
7997 74
4077 74
7109 74
921 74
7161 74
6997 74
6821 74
1830 74
1046 74
6470 74
7078 74
1178 74
6442 74
7726 74
1982 74
402 74
7786 74
7842 74
3083 74
891 74
6291 74
6383 74
343 74
6567 74
3219 74
6507 74
6568 75
1344 75
1992 75
1416 75
6972 75
6728 75
1096 75
6200 75
9884 75
8049 75
6409 75
9653 75
1529 75
6633 75
1186 75
6318 75
3562 75
9002 75
6178 75
9782 75
1366 75
7694 75
2615 75
1899 75
7031 75
1055 75
1627 75
7791 75
7827 75
211 75
43 75
6936 76
7864 76
7016 76
7048 76
2520 76
6904 76
6656 76
8012 76
7096 76
6245 76
6369 76
6861 76
3857 76
3493 76
441 76
2417 76
6509 76
8489 76
1622 76
2842 76
6794 76
6358 76
3966 76
1490 76
7771 76
6371 76
3151 76
447 76
7911 76
195 76
6747 76
6180 77
6544 77
6476 77
8 77
1032 77
1748 77
7712 77
6444 77
276 77
6573 77
6297 77
61 77
1797 77
413 77
125 77
1557 77
9962 77
1550 77
1158 77
1642 77
5182 77
9266 77
1815 77
7155 77
3479 77
6259 77
6707 77
7935 77
1939 77
19 77
63 77
67 77
1084 78
6304 78
2256 78
1293 78
6985 78
7777 78
3702 78
6650 78
6562 78
1874 78
6966 78
6182 78
6995 78
6455 78
6819 78
6271 78
7107 78
6627 78
1059 78
1631 78
7732 79
6796 79
8392 79
7848 79
9576 79
1220 79
3152 79
1700 79
3209 79
1777 79
553 79
7929 79
37 79
6377 79
6886 79
2202 79
34 79
4426 79
6774 79
7094 79
1231 79
435 79
763 79
6855 79
411 79
1595 79
6503 79
6395 79
1903 79
1144 80
6364 80
524 80
1872 80
1628 80
6749 80
7157 80
6265 80
421 80
7745 80
437 80
385 80
6438 80
7858 80
1334 80
7090 80
7738 80
1482 80
6806 80
6918 80
6682 80
8011 80
5247 80
283 80
267 80
6920 81
1112 81
9680 81
6564 81
1644 81
2012 81
6713 81
1629 81
7113 81
6461 81
6629 81
2173 81
1778 81
8998 81
6206 81
6558 81
6330 81
6474 81
1446 81
399 81
6279 81
7803 81
6571 81
1235 81
6624 82
6188 82
7833 82
1681 82
5253 82
25 82
1153 82
6825 82
6397 82
2009 82
7001 82
9333 82
6521 82
6257 82
7909 82
7942 82
1782 82
154 82
1555 82
6979 82
55 82
152 83
7100 83
6456 83
3888 83
7092 83
6780 83
2660 83
1536 83
1973 83
6873 83
5377 83
6790 83
1626 83
1746 83
6167 83
1463 83
7923 83
6332 84
6684 84
6192 84
6812 84
2844 84
6892 84
1256 84
6924 84
104 84
4049 84
753 84
1029 84
717 84
614 84
6762 84
110 84
1638 84
6362 84
7730 84
6743 84
1347 84
6655 84
7119 84
6247 84
5219 84
316 85
3412 85
252 85
7740 85
1821 85
345 85
1945 85
7805 85
253 85
5 85
525 85
6285 85
8010 85
6590 85
1358 85
8562 85
750 85
6914 85
1986 85
3738 85
1623 85
7759 85
1739 85
1656 86
6532 86
9856 86
740 86
7860 86
1600 86
2024 86
6512 86
6981 86
1561 86
6609 86
1726 86
7894 86
6186 86
6638 86
6983 86
1823 86
6391 86
6459 86
6695 86
6871 86
6515 86
1523 86
6219 86
7159 86
1176 87
940 87
1876 87
8388 87
6808 87
1889 87
3261 87
1061 87
6173 87
7098 87
1918 87
1614 87
7054 87
1650 87
1886 87
1291 87
1963 87
3299 87
1752 88
1380 88
2204 88
1804 88
448 88
1652 88
724 88
2065 88
7105 88
8013 88
6778 88
6450 88
2718 88
1218 88
6922 88
3818 88
6678 88
1566 88
1562 88
6154 88
6890 88
198 88
6054 88
1695 88
6867 88
1732 89
6764 89
6336 89
540 89
384 89
7925 89
6253 89
137 89
1577 89
6697 89
6641 89
1094 89
2010 89
6326 89
6810 89
530 89
8635 89
7907 89
1543 89
1288 90
6916 90
800 90
6576 90
1520 90
5896 90
416 90
7165 90
9921 90
861 90
6221 90
9949 90
1633 90
7734 90
90 90
1138 90
7995 90
1591 90
6283 90
1464 91
6224 91
7736 91
6877 91
6517 91
6989 91
6701 91
6345 91
1237 91
1741 91
6526 91
5734 91
9707 91
1759 91
1935 91
7799 91
1571 91
1167 91
1047 91
479 91
1819 91
7007 91
7040 92
1564 92
6420 92
1712 92
1549 92
7797 92
6433 92
1469 92
6802 92
574 92
1734 92
1891 92
1027 92
8511 92
1988 93
1232 93
6752 93
1396 93
1860 93
6156 93
6452 93
7072 93
6888 93
1809 93
6869 93
1573 93
1669 93
2129 93
1349 93
3914 93
6530 93
2158 93
9430 93
1038 93
8266 93
3499 93
1915 93
2199 93
1547 93
1975 93
6623 93
9187 93
7815 93
1927 93
7131 93
6171 93
6960 94
7956 94
2492 94
6672 94
6280 94
6784 94
1585 94
1937 94
1929 94
9230 94
6758 94
8886 94
7822 94
1838 94
1250 94
6350 94
1146 94
975 94
6691 94
1599 94
1984 95
3740 95
1740 95
1820 95
1369 95
1285 95
9 95
1009 95
1525 95
4021 95
434 95
202 95
9122 95
6942 95
6215 95
6251 95
6603 95
1735 95
5955 95
2991 95
9231 95
532 96
1224 96
1100 96
408 96
6321 96
6993 96
9281 96
1329 96
1589 96
466 96
6538 96
3470 96
9602 96
1558 96
6479 96
1087 96
903 96
7163 96
6339 96
7900 97
6500 97
3944 97
1584 97
6804 97
1793 97
7753 97
3313 97
1674 97
362 97
7066 97
1170 97
6238 97
6987 97
7887 97
4407 97
1639 97
6699 97
6875 97
1667 97
7688 98
60 98
1140 98
1768 98
2177 98
1858 98
642 98
1534 98
1738 98
342 98
6831 98
1776 99
1205 99
1933 99
8209 99
6145 99
7133 99
1753 99
1917 99
313 99
1921 99
6414 99
6150 99
1282 99
1762 99
6882 99
538 99
7086 99
1563 99
6447 99
8983 99
796 100
1620 100
1824 100
1764 100
1364 100
6693 100
1673 100
1245 100
7913 100
1033 100
6766 100
6974 100
6418 100
2014 100
6798 100
3574 100
1790 100
6274 100
6686 100
9434 100
2027 100
1199 100
571 100
6536 101
6928 101
4604 101
6388 101
6776 101
6233 101
3425 101
6597 101
657 101
1998 101
1458 101
7718 101
1467 101
231 101
8483 101
612 102
1252 102
1856 102
1676 102
1864 102
6605 102
7057 102
1394 102
6955 102
8007 102
1747 102
1807 102
7795 102
1200 103
1813 103
2325 103
3109 103
6465 103
6341 103
9369 103
7137 103
1098 103
890 103
1270 103
1375 103
1719 103
8048 104
1908 104
6212 104
6540 104
2464 104
7068 104
6737 104
1749 104
6849 104
7025 104
809 104
1073 104
1357 104
62 104
1714 104
7022 104
1911 104
6335 104
1731 104
371 104
1343 104
1839 104
428 105
3224 105
6817 105
985 105
4093 105
1665 105
1725 105
2078 105
1102 105
1487 105
6168 106
1172 106
7124 106
6884 106
2269 106
21 106
1697 106
2029 106
1670 106
6498 106
1850 106
1666 106
290 106
1910 106
1947 106
1203 106
1851 106
1723 106
7127 106
1711 106
1931 106
2431 106
6400 107
2036 107
1508 107
9964 107
2000 107
6276 107
1453 107
1845 107
1230 107
1354 107
1079 107
6719 107
6159 107
499 107
7747 107
1688 108
6948 108
6660 108
1916 108
6836 108
1440 108
7808 108
1284 108
1865 108
1301 108
1185 108
6485 108
7146 108
6770 108
1842 108
3719 108
335 108
3395 108
5444 109
1400 109
1441 109
9657 109
7873 109
3274 109
7682 109
6227 109
1136 110
1276 110
9548 110
6424 110
1312 110
1460 110
6957 110
3162 110
1278 110
6386 110
7071 110
3687 110
7008 111
1852 111
4025 111
9481 111
1969 111
7821 111
1361 111
1410 111
130 111
2190 111
1682 111
1914 111
6751 111
6599 111
7151 111
6367 111
1843 111
1684 112
1888 112
1545 112
1317 112
2034 112
1954 112
7062 112
1902 112
1035 112
7039 112
2023 112
6595 112
6491 112
1859 112
6863 112
876 113
1088 113
356 113
1949 113
6309 113
3221 113
2741 113
1085 113
6210 113
886 113
1538 113
9174 113
1962 113
6582 113
8623 113
6843 113
7081 114
1209 114
1473 114
3629 114
9449 114
425 114
1849 114
1390 114
446 114
7898 114
6910 114
3607 114
7960 115
3628 115
7801 115
1861 115
6705 115
277 115
1150 115
7122 115
6534 115
1506 115
1846 115
6162 115
2040 116
1784 116
6504 116
976 116
7148 116
6772 116
7724 116
6658 116
1983 116
7703 116
1831 116
1211 116
155 116
1316 117
652 117
549 117
2041 117
1837 117
6197 117
1310 117
6302 117
1274 117
6426 117
6834 117
6946 117
1382 117
1887 117
3467 117
1800 118
1264 118
1964 118
6229 118
1873 118
3453 118
3506 118
1455 118
303 118
6951 118
1835 118
1037 119
1026 119
9542 119
1114 119
2022 119
999 119
1943 119
1083 119
120 120
7656 120
1428 120
1957 120
7749 120
7045 120
7034 120
1422 120
4078 120
6483 120
1323 120
1315 120
1451 120
836 121
3304 121
504 121
1124 121
3940 121
6392 121
2028 121
6248 121
6933 121
3917 121
949 121
6725 121
6353 121
166 121
1794 121
398 121
494 121
4231 121
1191 121
2035 121
707 121
1376 122
2909 122
6845 122
7013 122
6901 122
598 122
491 122
1871 122
5784 123
1796 123
6896 123
1248 123
1512 123
6617 123
9445 123
1362 123
1774 123
6406 123
2026 123
1958 123
9630 123
1499 123
2403 123
1808 124
5456 124
1388 124
392 124
4000 124
5265 124
6493 124
1213 124
298 124
1822 124
2922 124
1694 124
6667 124
907 124
1955 124
7075 124
6216 125
376 125
3192 125
7684 125
2037 125
1129 125
1057 125
6734 125
1122 125
1226 125
1296 126
1116 126
404 126
6164 126
908 126
1493 126
3398 126
1031 126
6307 126
7128 127
6664 127
6601 127
1961 127
1197 127
7142 127
1251 127
2091 127
1999 127
6840 128
6952 128
1976 128
1325 128
1321 128
1426 128
4610 128
396 129
6288 129
1128 129
2992 129
1408 129
9288 129
6969 129
1985 129
737 129
1262 129
2007 129
595 129
3116 130
6588 130
2013 130
2030 130
6294 130
1402 130
1123 130
6191 130
2011 130
863 130
7899 130
2499 130
1071 130
6195 130
196 131
6552 131
7036 131
6428 131
1265 131
5089 131
1258 131
1302 131
1110 131
1386 131
878 131
1970 131
1051 131
1228 132
1501 132
1049 132
1942 132
1207 132
6723 132
2783 132
3832 133
1972 133
1692 133
840 133
336 133
1649 133
1925 133
1461 133
6242 133
1770 133
7043 133
6839 133
1195 133
1044 134
288 134
1948 134
1109 134
1125 134
1862 134
7834 134
374 134
410 134
2390 134
7783 134
1491 134
6931 134
7011 134
6899 134
888 135
349 135
1833 135
389 135
333 135
1934 135
250 135
1946 135
1514 135
6858 135
1367 135
415 135
6315 135
1920 136
1064 136
3513 136
17 136
6669 136
8025 136
6489 136
6374 136
1438 136
1314 136
1168 137
6720 137
3452 137
1432 137
7077 137
7969 137
2002 137
1319 137
1091 137
1107 137
1151 137
1404 138
1308 138
1434 138
7722 138
3559 138
1043 138
536 139
1980 139
9504 139
1233 139
933 139
1161 139
1042 139
1222 139
6262 139
1255 139
6487 139
2607 139
1900 140
136 140
7160 140
1137 140
1553 140
1113 140
625 140
6710 140
1058 140
3614 140
6382 140
3079 140
7775 140
512 141
1373 141
7110 141
6822 141
1095 141
1495 141
1811 141
1099 141
3627 141
1779 141
6611 141
8564 142
6412 142
3484 142
1048 142
7709 142
1101 142
1497 142
6313 142
1757 142
4602 142
6998 142
126 142
6963 142
1516 143
1045 143
1182 143
1950 143
1832 144
1240 144
1060 144
6177 144
1337 144
1881 144
443 144
1247 144
1268 145
7872 145
1030 145
1306 145
1414 145
1398 145
7030 145
1155 145
3095 145
6729 146
1086 146
6506 146
487 146
3887 146
1072 147
4036 147
1436 147
1036 147
893 147
6793 147
6201 147
8062 147
1263 147
1156 148
6860 148
6905 148
1221 148
381 148
930 148
1034 148
1878 148
7819 148
1371 148
323 148
6647 148
6244 149
24 149
1449 149
7049 149
1234 149
946 149
359 149
1479 149
744 150
6300 150
3497 150
9457 150
1249 150
577 150
7017 150
1173 150
6937 150
6663 150
4048 151
1157 151
6746 151
6422 151
7710 151
1510 151
1238 151
1219 151
1875 151
1280 152
1352 152
4537 152
473 152
670 152
967 152
1331 152
1275 152
1420 153
1236 153
1225 153
369 153
1345 153
6317 153
1277 153
225 153
1154 153
6131 153
9075 153
7103 153
6546 154
1271 154
2080 155
6380 155
1786 155
74 155
6716 156
1016 156
1160 156
1485 156
6586 156
1430 156
7154 156
1227 156
1183 156
1267 156
519 156
3360 157
1198 157
375 157
6268 158
444 158
6828 158
1294 158
1206 158
1346 158
3498 158
1175 158
1443 158
1359 158
2352 159
6368 159
7004 159
1184 159
1528 159
6965 159
1333 159
6471 159
7116 160
1212 160
1169 160
1418 160
1210 160
1397 161
6441 161
395 161
6984 162
3086 162
1483 162
1327 162
1332 163
1348 163
6775 163
1387 163
5620 164
3549 164
1395 164
6787 164
6203 164
3500 165
960 165
4176 165
320 165
1389 165
1445 165
9178 165
6359 165
1295 165
232 166
8556 166
7789 166
3805 166
1401 166
6854 166
1522 166
6887 166
1383 166
1131 166
1456 167
8680 167
3637 167
6681 167
1330 167
1374 167
9519 167
1912 168
6748 168
6613 168
1521 168
5673 168
825 168
7901 168
6508 169
6410 169
6270 169
6807 169
6183 169
1360 170
1336 170
2108 170
1281 170
5154 170
1603 170
1866 171
6919 171
2619 171
7095 171
1324 172
5280 172
1932 172
1524 172
3641 172
7761 172
1322 172
1190 172
1318 172
1535 172
7089 173
238 173
1470 173
1471 173
497 174
3021 174
1307 174
2936 175
1342 175
6714 175
351 175
1509 176
3535 176
9627 176
7156 177
7760 177
1289 177
3181 177
1309 177
770 177
1486 177
6298 177
695 177
6311 177
1763 177
1444 178
306 178
1303 178
1507 178
1457 179
1513 179
6826 179
9464 180
6632 181
1472 181
736 181
3937 181
2918 181
1787 181
6927 181
1801 182
6653 182
7002 182
6378 182
1442 182
982 182
6978 183
2502 183
3286 183
1448 184
964 184
1560 184
1413 184
6781 184
1217 184
1498 184
6266 184
7114 184
6394 184
1419 184
8659 184
1500 185
1494 185
4086 185
1092 186
6789 186
1393 187
526 187
7 187
1803 187
847 187
6872 188
1421 188
1496 189
9598 189
6675 189
6893 190
2557 190
1429 190
6742 190
3122 190
2879 190
2132 191
1004 191
6761 191
6205 191
1415 191
1039 191
8716 192
6477 192
1433 192
2745 192
234 192
7707 192
4063 192
9239 192
1427 192
3044 193
6548 193
1117 193
1994 193
3450 193
6435 193
4011 193
1840 194
6813 194
8197 194
9758 194
1292 195
3501 195
451 195
8276 197
6256 197
862 197
6560 198
7836 198
6925 198
6365 198
762 198
1405 199
605 199
30 199
3536 200
6688 200
6189 200
7101 200
687 200
431 201
7051 201
7696 202
9109 202
6502 203
243 203
1780 205
477 205
883 205
6864 206
1229 206
7118 206
3446 206
937 207
3486 208
523 208
6913 209
292 210
1892 211
6448 211
397 211
9838 211
3447 211
6779 211
6575 211
6980 212
6976 212
418 212
3262 212
3100 213
133 213
6329 213
7886 213
1559 213
2226 214
6815 214
1475 214
3576 216
372 216
6866 216
1979 216
160 217
1468 217
7152 217
8600 217
6677 217
3402 217
559 217
6696 218
6272 218
9773 218
6755 218
919 218
6891 219
6240 220
2514 220
86 220
355 220
9319 220
1952 221
6160 221
6396 221
7787 221
1425 222
2381 223
874 225
1339 225
12 227
1640 227
9645 227
1869 227
6811 227
6626 228
9460 229
9392 229
9623 229
6199 229
3910 230
6982 230
268 231
897 232
3385 232
1826 232
6702 232
3775 233
9063 233
1121 234
7723 234
6923 234
3423 234
5864 235
297 235
1721 235
6218 235
848 236
1350 236
3723 236
6651 237
1944 239
32 240
7053 240
1789 240
697 240
9254 240
7099 240
3749 242
1465 242
6878 242
1068 243
6437 243
1583 243
1896 244
7104 244
6753 245
6475 245
6187 245
533 246
3033 246
865 246
7857 246
1541 247
6363 247
6939 248
3563 248
2316 250
7006 250
8568 252
6801 252
1202 252
6990 252
6868 253
6757 253
1829 253
7774 253
391 253
3991 253
9971 253
6690 254
3327 254
9695 254
6895 254
5345 255
6520 256
463 256
6673 258
2630 259
3212 261
7895 261
7166 262
178 263
7790 263
910 264
4123 264
2220 265
228 265
1593 265
378 265
8476 267
5568 267
6323 267
1056 268
917 269
1054 269
616 270
3509 270
6785 271
6254 271
2491 271
4028 272
6740 274
3845 274
6574 274
2810 275
6390 277
6174 278
9615 278
2143 278
8019 280
2731 281
2001 282
6462 282
6286 282
193 283
1907 284
6095 284
9284 285
6153 285
6961 285
467 285
8201 286
5485 286
923 286
97 287
1675 287
645 288
6561 288
3923 288
6870 289
4815 289
1579 289
6852 290
6767 290
6220 291
5330 291
9672 292
3205 292
1074 292
9546 292
4288 294
286 294
5849 295
7047 296
2291 296
7073 298
766 298
6783 298
3664 299
7130 299
140 301
6692 301
3358 301
6881 302
6941 302
1658 302
6992 303
6830 303
360 304
6765 304
7019 304
3572 306
7681 306
9710 307
7028 308
1926 308
6687 309
6628 310
2145 310
2042 310
6225 311
8036 312
3726 313
1216 314
3828 316
1139 316
158 317
9894 317
3113 320
7914 320
6337 324
265 324
82 324
3207 326
7140 327
6463 328
2004 329
6738 329
791 329
315 329
9095 329
6545 331
973 331
6799 331
3057 333
6513 333
249 334
664 336
3277 336
1590 336
6625 337
3578 337
300 340
3706 340
546 342
1379 342
145 343
6514 343
3270 345
1898 346
7060 347
284 347
601 348
1687 349
1655 350
8752 352
1130 352
1727 353
6325 355
6850 355
710 355
6975 356
6769 358
454 358
488 359
3136 361
6718 363
59 363
6344 364
6907 367
6148 368
9569 368
1069 368
1743 368
7725 370
1011 370
6816 371
6147 371
401 373
3187 373
223 373
7021 375
6214 375
282 377
6954 377
6661 378
7065 378
7132 379
6935 379
7087 383
1596 384
920 385
1384 385
7026 385
2015 387
1744 388
6324 389
2017 391
9365 393
3858 394
1193 399
6744 400
1077 404
500 407
7924 408
628 409
6436 410
7776 412
246 412
3248 413
6837 414
6239 414
1488 417
7138 420
481 423
811 424
6612 426
1530 426
7748 432
6731 436
5429 438
6856 442
765 444
3387 444
6587 445
6704 446
8459 446
1997 448
77 449
6351 449
9668 453
6909 456
6949 457
7830 458
9996 459
3300 462
7058 462
996 464
828 465
9477 465
6842 465
3811 468
6659 469
3746 470
6654 470
509 473
7015 474
309 481
2830 481
3995 482
6956 483
3337 487
6449 488
95 489
1806 490
6527 490
7145 491
1604 492
1606 492
7032 493
3410 493
6726 494
1478 494
5983 494
7126 498
6516 500
169 502
8864 503
7059 504
6287 507
6232 508
7125 509
6149 510
6338 510
1847 511
6146 512
1505 517
3259 519
3110 520
6030 524
6835 527
1827 528
2311 528
915 532
6639 537
6733 538
1119 539
1616 542
3929 542
1166 552
8377 555
7144 556
6666 556
6902 559
3849 561
7983 561
2368 569
1905 572
6903 574
700 575
6213 576
6322 576
2895 576
5511 578
3864 580
6665 588
6559 591
6844 593
3381 596
6947 600
7849 603
9906 612
6732 613
769 613
7033 613
187 622
9258 627
6950 633
2968 638
7064 638
3345 639
181 639
7014 641
782 648
7695 648
7139 654
6434 659
6389 663
6727 667
8781 671
7080 675
9355 676
6841 678
7871 687
1724 689
7123 696
6668 697
7061 697
263 701
7916 704
2449 705
1002 705
64 708
6908 709
1678 713
3165 717
6226 719
8262 723
1625 729
6857 729
6711 735
6175 741
6152 749
6700 749
6934 750
1816 752
3336 756
6730 756
6340 761
6838 763
7719 767
9823 771
6610 775
3178 779
2853 780
483 780
6273 781
318 783
6501 785
6953 796
1297 797
6478 798
7027 800
1159 800
7802 802
2366 810
9296 811
3895 811
6411 812
405 816
6589 817
6640 819
6745 821
6211 828
7020 835
6968 841
6181 844
611 860
2020 864
6662 866
6823 866
7141 885
6906 888
363 896
2315 898
7046 899
6717 903
6328 908
6768 910
1736 911
6851 916
7074 933
100 946
7746 956
1533 958
7129 958
6792 971
6421 971
805 972
6739 984
6255 987
6940 1005
6387 1020
1661 1033
7029 1033
6999 1039
6680 1045
6228 1046
6782 1048
6760 1060
7018 1060
6715 1063
6880 1071
6829 1071
6962 1101
1142 1109
6161 1112
6853 1113
6198 1115
6741 1124
6756 1134
6754 1137
6440 1159
3482 1161
6689 1174
7167 1179
3264 1182
6366 1186
6217 1189
6786 1189
6674 1193
683 1194
6703 1197
6894 1211
7052 1242
6827 1244
6676 1258
7076 1267
6879 1268
6800 1269
6299 1270
6991 1273
7111 1274
1615 1283
7005 1284
6938 1287
6533 1294
7922 1299
6865 1321
6499 1321
4314 1339
172 1343
729 1346
6788 1350
6964 1366
6464 1367
6241 1367
6814 1383
9897 1432
6977 1438
7003 1444
6310 1448
7153 1472
4090 1478
6413 1480
6190 1483
1701 1494
6912 1499
210 1530
6926 1531
6393 1533
3969 1534
7117 1546
9378 1549
6204 1580
7050 1580
1214 1591
7102 1591
6263 1593
2440 1594
6616 1604
6602 1613
6379 1619
7115 1630
1707 1711
6267 1725
7088 1731
6583 1773
6352 1780
1196 1816
6269 1832
6419 1844
6176 1875
6202 1926
7804 1971
6301 1973
6486 1993
7733 2000
6375 2005
6381 2043
6316 2055
6505 2058
5139 2139
6490 2208
7737 2225
6314 2227
8034 2344
6295 2424
6407 2497
7752 2553
7910 2564
3814 2590
6492 2621
2580 2626
3534 2750
6425 2793
6531 2840
6604 2859
6598 2891
7843 3051
2285 3116
264 3256
6537 3310
8040 3838
7798 3863
7845 4370
7731 4469
7928 4879
8021 5448
