50 0
523 0
337 1
854 1
370 1
534 1
228 2
528 2
764 2
231 2
112 3
925 3
622 3
994 3
959 3
323 3
27 3
436 4
105 4
13 4
233 4
750 4
422 4
195 4
204 5
728 5
564 5
801 5
709 5
365 5
386 5
63 5
971 5
296 6
788 6
345 6
174 6
215 6
631 6
96 7
373 7
261 7
346 7
126 7
254 7
914 7
851 7
831 7
619 7
155 7
76 8
900 8
448 8
413 8
33 8
842 8
18 8
294 8
399 8
4 9
400 9
224 9
541 9
837 9
332 10
505 10
810 10
394 10
90 10
595 10
772 11
428 11
952 11
141 11
213 11
305 11
209 11
642 11
291 11
359 11
559 11
552 12
328 12
0 12
117 12
146 12
419 12
271 12
747 12
892 13
604 13
933 13
445 13
949 13
734 13
682 13
679 13
111 13
199 13
503 13
904 14
624 14
168 14
417 14
673 14
85 14
586 14
71 14
56 15
341 15
833 15
561 15
718 15
426 15
191 15
864 16
132 16
201 16
465 16
474 16
967 16
123 16
163 16
979 16
453 17
482 17
610 17
694 17
258 17
795 17
363 17
404 18
352 18
148 18
981 18
977 18
889 18
177 18
765 18
462 18
987 18
752 19
920 19
916 19
161 19
109 19
969 19
965 19
129 19
926 19
547 19
975 19
327 19
983 19
992 20
476 20
908 20
929 20
137 20
853 20
898 20
998 20
635 20
283 20
863 20
935 20
939 20
8 21
868 21
872 21
957 21
877 21
857 21
377 21
390 21
878 21
950 21
894 21
182 21
786 21
890 21
42 21
331 21
835 21
655 21
251 21
947 21
67 21
944 22
784 22
968 22
948 22
796 22
508 22
128 22
880 22
769 22
809 22
805 22
817 22
905 22
845 22
886 22
774 22
815 22
827 22
467 22
823 22
143 22
999 22
760 23
756 23
768 23
600 23
272 23
980 23
748 23
844 23
781 23
681 23
897 23
501 23
993 23
733 23
954 23
974 23
738 23
766 23
274 23
178 23
278 23
714 23
723 23
303 23
887 23
911 23
932 24
964 24
704 24
276 24
881 24
641 24
697 24
793 24
693 24
725 24
901 24
990 24
834 24
794 24
662 24
262 24
778 24
703 24
711 24
771 24
651 24
819 24
179 24
656 25
180 25
732 25
164 25
820 25
856 25
584 25
264 25
680 25
841 25
917 25
685 25
269 25
705 25
626 25
846 25
590 25
942 25
710 25
647 25
83 25
891 25
675 25
923 25
636 26
984 26
392 26
580 26
329 26
669 26
653 26
986 26
658 26
602 26
970 26
614 26
666 26
770 26
862 26
799 26
599 26
644 27
592 27
608 27
936 27
529 27
29 27
869 27
593 27
157 27
913 27
789 27
549 27
521 27
517 27
722 27
510 27
830 27
659 27
539 27
715 27
527 27
511 27
927 27
563 27
460 28
808 28
472 28
852 28
824 28
368 28
976 28
568 28
280 28
745 28
757 28
689 28
573 28
450 28
962 28
866 28
654 28
618 28
86 28
598 28
478 28
535 28
919 28
184 29
532 29
684 29
468 29
621 29
518 29
850 29
502 29
158 29
938 29
314 29
551 29
603 29
879 29
875 29
751 29
88 30
972 30
496 30
648 30
81 30
581 30
461 30
409 30
545 30
405 30
921 30
366 30
814 30
458 30
982 30
554 30
387 30
767 30
319 30
35 30
611 30
415 30
839 30
544 31
260 31
489 31
741 31
397 31
865 31
69 31
873 31
506 31
674 31
802 31
542 31
855 31
491 31
583 31
691 31
555 31
860 32
736 32
804 32
424 32
928 32
484 32
348 32
677 32
701 32
633 32
481 32
537 32
130 32
338 32
550 32
667 32
447 32
963 32
439 32
395 32
687 32
320 33
812 33
696 33
536 33
1 33
761 33
469 33
325 33
433 33
858 33
326 33
430 33
74 33
334 33
690 33
591 33
15 33
763 33
871 33
899 33
487 33
420 34
572 34
509 34
317 34
385 34
330 34
494 34
235 34
787 34
639 34
995 34
480 35
585 35
285 35
361 35
357 35
514 35
934 35
38 35
838 35
442 35
702 35
826 35
443 35
367 35
411 35
275 35
579 35
575 35
671 35
988 36
124 36
372 36
700 36
488 36
909 36
289 36
753 36
806 36
298 36
562 36
263 36
379 36
479 36
499 36
739 36
912 37
380 37
432 37
893 37
421 37
629 37
726 37
300 38
144 38
740 38
660 38
369 38
885 38
49 38
797 38
257 38
214 38
382 38
498 38
290 38
175 38
692 39
956 39
524 39
208 39
816 39
312 39
473 39
457 39
186 39
438 39
455 39
75 39
520 40
192 40
832 40
136 40
292 40
588 40
165 40
318 40
110 40
402 40
678 40
818 40
375 40
267 40
627 40
431 40
119 40
676 41
89 41
218 41
306 41
759 41
339 41
803 41
388 42
612 42
308 42
376 42
525 42
749 42
615 42
883 42
951 42
587 42
196 43
216 43
396 43
52 43
565 43
249 43
226 43
227 43
252 44
896 44
256 44
172 44
720 44
309 44
665 44
237 44
333 44
829 44
546 44
470 44
255 44
463 44
721 45
189 45
822 45
134 45
650 45
238 45
783 45
743 45
412 46
516 46
245 46
266 46
202 46
451 46
151 46
471 46
727 46
44 47
16 47
217 47
425 47
566 47
526 47
211 47
775 47
779 47
707 47
47 47
617 48
45 48
350 48
946 48
242 48
548 49
344 49
637 49
849 49
434 49
354 49
206 49
384 50
145 50
142 50
139 50
281 51
907 51
640 52
25 52
785 52
61 52
342 52
286 52
11 52
943 52
512 53
92 53
985 53
153 53
310 53
203 53
80 54
414 54
670 54
23 54
716 55
321 55
279 55
229 56
98 56
798 56
847 56
762 57
239 57
620 58
188 58
34 58
371 58
571 58
407 58
884 59
876 59
840 59
661 59
101 59
84 60
557 60
243 60
156 61
351 61
287 61
712 62
492 62
166 62
374 62
160 63
170 63
356 64
485 64
30 64
78 64
634 64
31 64
79 64
108 65
116 65
362 65
672 66
176 66
193 66
449 66
882 66
867 66
960 67
530 67
150 67
6 67
171 67
435 67
791 67
444 68
649 68
135 68
43 68
21 69
429 69
73 69
94 69
51 69
24 70
966 70
997 71
601 71
930 71
162 71
183 71
744 72
115 72
107 72
125 73
97 73
234 73
553 74
657 74
122 74
103 74
848 75
60 75
2 75
699 75
3 75
284 76
780 76
861 76
138 76
40 77
70 77
311 77
515 77
324 78
12 78
72 78
364 78
574 78
14 78
223 78
46 79
147 79
54 80
519 80
36 81
48 81
57 82
58 82
724 83
652 84
607 85
93 86
381 86
270 86
347 86
17 87
65 87
594 87
403 87
613 88
570 88
931 88
248 89
577 89
504 90
507 90
459 90
10 91
185 92
742 92
64 93
821 94
247 94
28 95
304 95
623 95
533 97
713 98
225 98
301 98
582 98
102 98
940 99
731 99
313 100
393 101
55 101
316 103
777 103
522 103
194 105
910 105
606 105
490 106
114 107
638 108
246 110
719 110
22 111
222 111
240 112
475 112
996 113
100 113
53 113
922 113
576 115
389 115
953 117
212 119
906 119
416 120
106 121
538 121
423 121
466 123
918 123
493 124
664 125
456 125
5 126
253 127
299 127
95 127
800 128
609 128
113 128
104 130
790 130
495 131
706 133
391 133
437 134
630 134
807 134
197 135
717 136
353 136
937 136
198 136
698 136
315 136
813 138
924 139
131 139
401 140
307 140
244 141
205 144
336 145
596 145
646 145
273 147
616 148
446 151
39 151
792 153
961 153
302 154
398 154
19 156
99 160
513 161
221 162
120 163
200 163
625 165
560 166
219 167
632 169
735 169
903 169
531 169
26 172
259 172
828 173
293 174
181 175
902 175
133 176
859 179
729 180
558 180
811 183
297 184
230 187
210 187
322 190
343 192
295 192
556 195
41 195
958 196
441 197
37 198
663 203
628 206
452 209
167 211
383 213
265 214
843 214
207 214
686 216
250 219
708 220
915 221
59 223
464 224
127 224
578 225
782 227
173 230
118 230
378 233
737 236
410 236
825 237
406 237
169 239
152 242
440 243
77 247
288 248
232 248
91 253
973 265
427 268
597 278
454 278
159 279
895 281
418 286
483 287
500 293
486 298
7 299
241 300
567 302
408 303
87 303
358 305
758 308
730 310
62 312
605 313
154 325
540 327
68 327
991 328
955 336
643 338
773 340
945 345
360 360
589 369
268 372
349 378
645 383
282 388
20 390
683 403
569 407
543 414
140 415
755 415
776 428
32 430
497 430
82 436
695 445
121 473
190 490
9 496
836 516
340 517
187 519
688 527
978 545
335 545
870 570
874 588
66 595
477 605
941 617
277 633
220 635
236 686
746 709
888 731
149 741
754 745
355 822
989 886
668 990
