90 1
53 4
33 4
98 4
30 4
47 4
95 4
16 5
12 5
81 5
77 5
57 5
10 5
71 5
75 5
51 5
64 6
13 6
6 6
7 6
56 7
78 7
11 7
84 8
17 8
50 8
52 9
36 9
82 9
31 9
72 10
97 10
34 10
46 10
32 11
40 11
88 11
94 11
27 11
80 12
25 12
29 12
99 12
54 13
60 14
74 14
23 14
76 15
9 16
58 16
70 17
3 17
0 18
5 19
14 19
65 20
20 21
63 21
79 22
49 23
18 23
85 24
24 25
37 25
43 25
96 26
83 26
91 26
45 27
35 27
93 28
89 28
41 29
26 29
39 29
44 30
87 30
28 31
48 31
55 31
73 33
22 33
61 34
8 36
67 36
59 37
69 38
2 39
68 40
1 40
4 42
15 43
66 45
62 47
21 50
19 50
38 60
42 67
86 76
92 98
